temperature died
99.21 0
-24.62 1
-18.05 1
23.11 0
52.51 0
61.07 0
98.04 0
-29.18 1
-5.27 1
7.62 0
107 1
37.33 0
80.94 0
-10.01 1
42.55 0
45.01 0
-10.9 1
19.32 0
97.19 0
96.86 0
-8.71 1
86.04 0
59.84 0
96.25 0
55.97 0
92.97 0
9.99 0
37.39 0
-15.3 0
41.38 0
42.88 0
2.32 0
42.48 0
-26.92 1
82.54 0
-14.22 1
69.66 0
69.67 0
-16.54 1
70.72 0
-16.67 1
76.58 1
29.71 1
91.47 1
31.44 0
87.53 0
37.58 0
40 0
2.99 1
97.63 1
22.53 1
-6.1 0
29.84 0
76.31 0
-2.11 1
13.88 0
105.6 0
39.85 0
12.69 0
80.08 0
41.28 0
-29.1 1
47.64 0
77.13 0
80.11 0
92.92 0
44.98 0
51.38 0
21.43 0
30.5 0
54.03 0
-28.07 1
7.17 0
16.64 0
26.88 0
-25.98 1
61.84 0
38.72 0
65.16 0
10.24 0
0.78 0
14.18 0
10.08 0
-0.07 1
-21.8 1
91.45 0
93.52 0
93.95 0
99.72 1
80.79 0
89.71 0
83.08 0
88.39 0
-12.27 1
-8.16 1
76.14 0
103.39 1
32.78 0
68.25 0
56.34 0
49.03 0
-18.27 1
67.79 0
59.12 0
1.36 0
36.93 0
108.26 0
12.06 1
-10.7 1
-19.37 0
70.17 0
47.31 0
38.25 0
92.8 1
51.19 0
5.93 1
69.91 0
97.86 0
30.5 0
1.29 1
62.8 0
15.2 0
49.85 0
-26.05 1
62.74 0
16.72 1
-13.25 1
99.72 0
1.14 1
65.73 0
16.59 0
37.52 0
7.65 0
-11.77 1
12.02 0
49.91 0
28.24 0
6.35 0
-0.13 1
83.11 0
-9.5 1
12.08 0
55.14 0
56.81 0
60.52 0
78.93 0
65.28 0
36.19 0
75.8 0
75.54 0
97.44 1
92.53 0
71.78 0
-13.7 1
13.67 0
-2.76 0
-23.51 1
-22.85 1
22.14 1
77.35 0
43.16 0
43.37 0
89.43 0
106.97 1
91.66 1
82.57 0
78.38 0
89.27 0
82.71 0
0.38 0
83.76 1
60.91 0
92.05 1
-6.58 0
-17.22 1
41.29 1
4.83 1
92.56 0
27.92 0
23.7 0
-22.05 1
-19.11 0
-15.67 1
35.75 0
-8.59 1
78.39 1
39.61 0
33.49 0
-19.77 1
10.75 0
38.1 0
33.05 0
-4.27 0
20.17 0
-13.43 1
10.24 0
100.02 1
22.02 0
-25.73 1
-29.37 1
90.34 0
72.24 0
42.05 0
17.18 0
87.63 0
51.8 0
27.95 0
95.15 1
-7.93 0
23.92 0
39.36 0
12.42 0
82.06 0
25.49 0
108.46 0
-18.97 0
17.7 1
40.22 0
48.51 0
9.37 1
105.19 0
49.59 0
95.54 0
66.91 0
94.43 0
0.32 0
67.07 0
10.71 0
90.9 0
6.07 0
96.74 1
75.27 0
33.53 0
5.68 1
46.48 0
56.73 0
-14.23 1
102.4 0
-10.93 1
47.25 0
101.95 1
81.89 0
24.59 0
88.93 1
67.7 0
-5.86 1
72.66 0
38.18 0
-18.58 1
60.58 0
104.93 1
-10.49 0
-2.68 1
4.39 1
90.38 1
87.74 0
6.31 0
-0.71 0
91.1 0
52.92 0
64.44 0
60.79 0
52.63 0
49.11 0
-16.52 0
44.13 0
-5.74 0
11.93 0
93.19 0
95.42 0
72.92 0
19.74 0
71.19 0
71.46 0
-19.61 1
52.85 0
18.1 0
59.35 0
94.34 0
44 0
71.65 0
64.68 0
87.52 0
1.78 0
80.71 0
95.73 0
34.41 0
33.58 0
-4.52 0
26.32 0
7.88 0
41.98 1
-13.44 1
77.14 0
-18.3 1
53.79 0
21.17 0
33.41 0
1.18 0
12.08 0
64.87 0
-2.2 1
7.83 0
56.16 0
108.73 1
40.49 0
61.45 0
72.21 0
40.08 0
-11.74 1
105.17 0
25.49 0
57.73 0
-20.9 1
-18.11 0
-1.05 0
74.22 1
12.25 0
30.78 0
75.98 0
10.73 0
50.66 0
5.1 0
76.56 0
-5.09 1
6.75 0
34.28 0
81.01 0
-11.96 1
1.7 1
-11.67 1
-9.73 1
-23.92 1
6.27 0
103.21 1
-21.94 1
11.94 1
3.65 0
10.37 0
24.39 0
80.13 1
-18.85 0
-12 1
96.46 0
23.18 1
17.22 0
2.01 1
13.3 1
-15.82 0
47.21 0
58.75 0
92.41 1
7.48 0
-20.44 1
23.2 0
102.31 0
14.34 0
-21.4 0
58.19 0
88.11 0
73.01 0
-7.44 1
2.93 0
93.24 0
11.43 1
41.78 0
9.49 0
84.08 0
-17.4 1
106.19 0
-17.88 1
82.69 0
8.3 0
99.32 0
37 0
-5.21 0
78.42 1
24.82 0
56.14 0
40.9 0
63.03 0
24.14 0
53.32 0
21.53 1
-29.96 1
10.88 0
41.99 0
5.91 0
-3.64 1
51.57 0
-9.94 0
101.47 0
2.41 0
17.58 1
72.29 0
85.15 1
94.02 0
21.79 0
64.36 0
61.5 0
100.35 0
-16.18 0
56.72 0
71.24 0
71.44 0
109.27 0
77.54 0
99.18 1
104.85 1
82.3 0
21.05 0
-13.88 1
49.04 0
-14.3 1
40.62 0
-29.43 1
57.64 0
80.49 0
-6.75 1
-28.37 1
10.04 0
-24.76 1
54.31 0
43 0
9.42 1
51.03 0
3.03 1
5.64 1
106.35 0
2.29 1
8.75 0
36.43 0
32.58 0
-4.73 1
75.64 0
39.72 0
86.41 1
38.92 0
35.31 0
-26.43 1
91.97 1
99.87 0
-27.69 1
16.23 0
100.24 1
-18.33 0
100.53 0
89.43 0
109.69 1
72.98 0
10.13 0
14.25 0
21.87 0
-21.15 0
33.79 0
-1.46 0
-7.42 1
56.87 0
42.24 0
-15.59 1
-8.63 0
28.17 0
42.33 0
74.17 0
-14.09 1
19.31 0
-3.92 0
43.59 0
64.38 0
27.93 0
-6.05 1
-24 1
-16.09 1
42.01 0
37.72 0
58.58 0
107.37 0
-17.3 1
44.42 0
91.03 0
83.61 0
-18.36 1
9.64 1
6.76 1
25.12 0
37.79 0
106.32 0
71.54 0
95.39 0
-14.89 1
-23.59 1
69.56 0
28.74 0
50.75 0
73.2 0
-3.33 1
85.55 0
71.65 0
31.65 0
1.74 0
34.27 0
13.61 0
57.74 0
41.48 0
-9.52 1
45.59 0
-16.79 1
88.72 0
87.72 1
3.67 0
-20.92 1
43.62 0
-16.04 1
66.64 0
107.73 1
93.18 0
62.7 0
98.18 0
-21.74 1
1.93 0
-10.88 0
106.24 0
74.76 0
-6.23 1
-12.43 0
-6.72 1
65.97 0
48.3 0
-0.94 0
101.67 0
-5.12 1
104.2 0
-23.08 1
13.21 0
35.47 0
71.19 0
82.07 0
38.7 0
38.25 0
55.91 0
-6.64 0
13.58 0
69.57 0
45.03 0
22.03 0
16.4 0
60.63 0
-27.58 1
37.42 0
38.01 0
-22.03 0
-13.98 1
58.2 0
-13.07 0
15.03 0
-9.57 1
-28.12 1
-4.12 0
16.66 0
24.69 0
-14.87 0
14.56 1
-14.57 0
77.35 0
42.63 0
41.42 0
42.75 0
29.84 0
73.01 0
-6.46 1
79.14 1
59.59 0
-15.51 1
76.9 1
-24.04 1
60.55 0
100.89 1
-7.45 0
62.9 0
14.8 1
-22.46 1
8.73 0
22.71 0
-26.26 1
8.42 0
39.03 0
16.52 0
19.52 0
82.29 0
41.09 0
-20.54 1
-25.41 1
28.16 0
4.15 0
-5.91 0
104.09 1
23.3 0
37.89 0
-7.59 0
107.94 0
81.07 0
53.47 0
43.42 0
90.22 0
54.86 0
29.91 0
77.89 0
105.75 0
32.22 0
24.44 0
21.85 0
63.85 0
88.96 0
-14.26 0
57.71 0
17.93 0
106.84 1
61.48 0
98.33 1
15.44 1
-26.14 1
72.84 0
97.28 0
79.47 0
0.29 0
2.84 1
-7.44 0
7.58 0
20.32 1
46.46 0
40.62 0
103.65 0
41.03 0
67.22 0
66.91 0
-14.9 1
-19.39 1
21.56 0
34.07 0
18.24 1
76.99 0
47.44 0
54.92 0
-15.33 0
94.37 0
85.13 0
106.04 0
4.71 0
62.07 0
-3.26 1
-7.06 0
83.48 0
48.01 0
57.01 0
33.63 0
59.55 0
68.32 0
-11.64 0
93.89 0
51.95 0
89.62 0
98.42 0
-22.91 1
39.89 0
57.33 0
16.16 1
64.43 0
78.56 1
77.53 0
22.11 0
82.51 1
0.69 1
2.78 1
100.04 1
-15.13 1
60.18 0
96.98 0
-16.67 1
11.92 0
48.78 0
30.79 0
47.05 0
30.37 0
-25.76 1
48.41 0
70.65 0
49.09 0
44.49 0
18.77 0
38.79 0
7.25 0
32.74 0
73.52 1
46.83 0
12.07 0
31.21 1
68.39 0
105.21 1
73.28 1
88.05 0
33.32 0
-4.69 1
80.77 0
21.4 0
70.42 0
0.88 1
73.86 0
21.58 0
90.11 0
19.88 0
103.78 1
62.47 0
66.74 0
92.19 0
90.58 0
72.08 1
13.24 1
68.53 0
33.05 1
102.62 0
26.91 1
-6.04 1
40.08 0
-15.41 1
108.8 0
21.52 1
-27.49 1
-1.14 0
-6.2 0
62.92 0
67.89 0
29.14 0
58.26 0
-19.15 1
-13.99 1
89.56 0
30.92 0
17.55 0
102.49 1
-26.51 1
86.94 0
8.57 0
56.37 0
105.5 0
21.76 0
31.23 0
24.73 0
-23.09 1
77.43 1
100.41 0
49.56 0
-27.22 0
51.41 0
-0.17 0
68.88 0
6.69 0
34.77 0
1.41 0
50.9 0
40.28 0
5.09 1
11.49 0
90.69 0
91.13 0
106.24 0
5.47 0
24.22 0
3.29 0
22.54 0
32.1 0
43.52 0
37.47 0
-19.27 1
39.84 1
-13.96 0
-29.3 1
-15.45 1
25.22 0
-5.69 1
-17.56 1
63.45 0
40.33 0
-26.9 1
-4.4 1
47.64 0
26.87 0
34.53 0
104.54 0
-25.34 1
66.58 0
42.25 0
-3.5 1
5.49 0
4.85 1
97.6 1
67.02 0
3.72 0
-3.39 0
-20.1 1
-28.09 1
62.41 0
61.82 0
108.25 1
96.52 0
-15.43 0
101.76 0
61.52 0
20.36 0
-14.19 0
78.54 0
10.71 1
109.2 1
54.74 0
9.03 0
92.3 0
74.03 0
54.15 0
69.85 0
82.96 1
83.14 0
72.07 0
14.12 0
98.23 0
75.44 0
84.72 0
-23.2 1
81.63 0
70.97 0
83.98 0
30.05 0
3.36 0
86.57 0
50.26 0
52.1 0
-16.4 0
-29.78 1
2.7 0
24.96 0
-3.26 1
76.02 0
58.34 0
7.25 0
49.85 0
9.43 1
46.42 0
-15.91 1
31.7 0
65.43 0
-15.57 1
53.44 0
81.61 0
88.13 0
102.96 1
33.26 0
90.42 0
98.17 1
4.28 0
2.23 0
77.92 0
8.95 0
77.98 0
39.8 0
84.31 0
28.27 0
-18.96 1
-25.14 0
63.45 0
108.72 1
-6.98 0
96.86 0
-18.38 1
43.83 0
103.04 0
79.71 0
-28.93 1
-8.8 1
-1.12 0
100.26 0
-3.96 0
68.53 0
-11.27 1
85.31 0
29.14 0
11.38 0
67.7 0
77.76 0
55.96 0
48.57 0
20.21 0
-15.43 1
9.35 1
13.57 0
47.28 0
0.51 0
0.1 0
58.22 0
98.13 1
7.78 0
101.69 0
-17.47 1
30.51 0
106.13 1
34.05 0
-29.61 1
-17.97 0
-3.57 0
-8.24 0
19.03 0
74.88 0
33.91 0
99.23 0
39.99 0
51.13 0
2.07 1
49.78 0
1.49 1
9.71 0
91.7 0
34.41 0
19.12 1
100.49 0
73.58 0
28.21 1
-20.15 1
28.21 0
-17.07 1
4.19 0
86.4 0
109.04 0
-18.78 1
81.36 0
-11.67 1
64.48 0
98.24 1
94.63 1
-28.45 1
17.3 0
-25.29 1
87.55 0
94.8 1
79.79 0
47.14 0
56.09 0
-19.39 1
-9.85 1
65.61 0
58.71 0
-14.04 1
-12.17 1
47.78 0
46.64 0
61.81 0
62.99 0
-7.6 1
-8.49 1
7.46 0
-3.2 0
104.22 1
-23.14 1
9.13 0
90.29 0
101.95 1
-7.88 0
54.32 0
70.47 0
-10.52 1
101.73 0
-29.78 1
-0.71 1
-11.9 1
88.9 0
57.93 0
72.98 0
99.4 1
-8.96 0
-10.62 1
85.03 1
88.08 0
37.9 0
45.09 0
4.69 0
49.9 0
-17.6 1
58.18 0
27.29 1
52.27 0
38.77 0
17.77 1
94.09 1
97.55 0
19.56 0
90.56 0
101.98 0
-7.88 0
82.98 0
95.5 1
62.76 0
100.45 0
109.72 0
23.02 0
-22.17 1
107.15 1
-28.84 1
-14.2 1
24.18 0
54.49 0
101.36 0
9.54 1
-22.76 1
67.37 0
4.09 0
53.13 0
32 0
10.72 0
20.97 1
48.36 0
65.71 0
-22.75 0
106.68 1
43.48 0
15.93 0
27.77 0
-3.41 0
90.61 1
109.98 1
38.47 0
-8.44 0
52.53 0
-0.95 0
55.78 0
98.07 0
61.46 0
-3.21 0
0.92 1
36.19 0
-25.18 1
55.13 0
26.8 0
56.01 0
8.8 0
108.61 1
25.1 0
3.32 1
41.89 0
26.85 0
21.45 0
-9.8 1
56.5 0
13.39 0
4.52 0
67.38 1
56.53 0
8.4 0
81.27 1
104.1 1
67.61 0
-3.3 1
6.31 0
12.37 0
48.48 0
97.66 1
18.08 0
32.58 0
-22.02 1
86.45 0
33.36 0
-20.62 1
-1.46 0
19.04 0
17.22 0
76.66 0
65.76 0
43.15 0
58.76 0
41.52 0
53.11 0
80.41 0
-0.25 0
5.98 0
78.09 0
1.32 1
43.52 0
15.51 0
108.36 0
106.11 1
59.08 0
-11 1
56.59 0
58.94 0
63.91 0
-3.47 1
9.54 1
105.62 0
40.16 0
49.18 0
54.56 0
-17.15 1
109.23 0
71.61 0
77.47 0
107.53 0
101.23 0
64.15 0
30.1 0
107.08 0
70.91 0
34.12 0
30.91 0
102 1
9.45 0
-28.5 1
32.58 0
57.75 0
64.14 0
108.85 1
37.56 0
-14 1
50.97 0
51.02 0
-28.16 1
-27.59 1
88.43 0
-15.08 0
31 0
66.27 0
26.84 0
-19.14 1
-19.29 1
13.57 0
42.27 0
31.61 0
8.13 0
-2.27 0
-28.45 1
104.22 0
65.31 0
6.31 0
-10.47 0
-1.67 0
76.98 0
3.24 0
32.75 0
58.28 0
3.19 1
18.27 0
-25.94 1
85.38 0
37.53 0
-1.43 0
81.81 0
-25.51 1
36.69 0
37.73 0
29.49 0
-2.92 0
12.87 0
52.85 0
21.55 0
22.95 0
68.62 0
107.27 1
70.05 0
-8.1 1
13.14 1
-26.28 0
39.27 0
94.08 1
21.06 0
108.62 0
71.78 0
75.5 0
23.89 0
80.5 0
-5.7 1
31.74 0
96.29 1
106.54 0
-17.73 0
88.09 0
109.56 1
-0.47 0
31.16 0
99.16 1
78.27 0
72.67 0
72.16 0
98.18 1
-2.05 0
105.22 1
61.65 0
-17.72 1
88.97 1
-16.14 1
27.64 0
91.88 1
66.76 0
-16.13 1
62.73 0
-20.45 0
45.53 0
95.56 0
88.78 0
-11.35 0
44.71 0
92.82 0
-6.7 1
10.71 0
49.6 0
65.04 0
84.53 0
-0.38 0
30.24 0
89.35 1
89.03 0
38.36 0
77.46 0
-28.73 1
-11 0
61.82 0
61.92 0
-12.56 1
26.32 0
10.28 0
-13.07 1
51.71 0
10.96 0
57.83 0
48.6 0
-10.23 1
48.59 0
40.68 0
64.08 1
52.37 0
99.67 0
-29.99 1
37.82 0
-24.25 1
32.52 0
37.96 0
97.33 0
46.81 0
90.51 0
109.51 1
20.57 0
-28.83 1
14.79 0
59.07 0
1.07 0
-28.41 1
48.02 0
48.56 0
0.34 1
-12.13 1
-18.14 0
88.49 0
45.23 0
-5.62 1
11.88 0
94.67 1
77.39 0
48.34 0
2.99 0
62.74 0
82.32 0
33.63 0
1.71 1
75.82 0
-23.92 1
24.1 0
-27.68 1
12.01 0
-7.74 1
103.97 0
14.09 0
-28.64 1
47.22 0
48.97 0
99.97 0
60.58 0
-24.04 0
44.36 0
72.08 0
55.73 0
44.05 0
-6.03 1
25.9 1
15.89 0
-15.95 1
10.62 0
101.02 0
5.97 1
1.49 0
30.16 0
85.21 0
27.32 0
101.1 1
93.77 1
69.59 0
52.89 0
36.59 0
-12.58 1
65.7 0
65.02 0
-21.64 1
25.25 0
62.64 0
25.39 0
26.82 0
18 0
96.56 0
53.15 0
63.5 0
72.21 0
35.63 0
-6.32 1
64.92 0
48.73 0
87.57 0
19.19 0
49.29 0
59.43 0
72.2 0
85.19 0
23.47 0
57.34 0
54.83 0
81.92 0
-11.45 1
9.35 1
9.41 0
-13.45 1
18.38 0
-15.82 0
-22.39 1
17.11 1
37.84 0
-14.4 0
92.45 0
-10.99 1
26.84 0
93.01 1
-24.19 1
93.72 0
108.9 0
93.89 0
8.81 1
2.31 0
61.07 0
17.55 0
33.78 0
49.59 0
57.06 0
-22.75 0
5.35 1
-21.95 1
96.6 0
72.33 0
9.8 0
28.12 0
59.3 0
99.99 0
50.25 0
108.62 1
-4.94 0
96.82 1
97.03 1
59.17 0
42.16 0
85.26 0
10.19 0
47.47 0
6.22 0
-4.43 0
59.26 0
9.59 0
-14.3 1
107.88 1
-19.69 1
-27.65 1
81.23 0
109.95 0
57.43 0
-11.84 0
-10.77 0
-6.17 1
91.31 1
99.52 0
31.48 0
45.53 0
73.23 0
5.56 0
90.28 1
32.28 0
68.39 0
28.54 0
-29.94 1
7.95 0
30.72 0
-11.47 1
-19.39 1
74.67 0
82.97 0
71.18 1
48.67 0
30.53 0
-8.25 1
-25.9 1
62.62 1
25.03 0
88.05 0
72.99 0
51.01 0
-26.47 1
71.62 0
80.72 0
7.38 0
75.63 0
38.7 0
19.73 1
73.82 0
15.97 0
28.62 0
-8.29 1
85.97 0
88.08 0
3.37 0
31.56 0
53.78 0
93.37 0
2.97 0
90.01 1
77.89 0
17.46 0
98.43 0
5.93 0
30.05 0
104.86 1
88.97 0
67.14 0
-24.99 1
-14.88 1
98.19 1
-21.15 1
62.13 0
30.56 0
-9.88 0
10.62 1
98.94 0
33.04 0
-27.13 1
63.55 0
-0.98 1
36.88 0
80.53 0
85.1 0
80.92 1
33.48 0
83.01 0
64.5 0
38.78 0
83.31 0
-22.13 1
-18.36 0
56.05 0
78.36 0
87.43 0
80.68 1
34.97 0
96.59 1
53.5 0
21.19 0
5.75 1
68.26 0
65.72 1
52.77 0
47.07 0
-0.95 0
106.32 1
84.81 1
-3.84 0
83.9 1
-27.51 1
96.19 0
32.95 0
53.55 0
97.3 1
39.09 0
-10.67 1
32.84 0
109.3 1
-18.3 1
25.73 0
108.83 1
11.42 0
80.52 0
-5.83 0
69.27 0
49.81 0
75.3 0
90.6 0
88.08 1
96.51 0
61.19 0
1.01 0
101 0
104.96 0
69.61 0
44.94 0
-16.1 0
-18.95 1
25.9 0
56.86 0
98.82 0
93 1
14.07 0
78.93 0
38.94 0
71.98 1
104.77 1
52.44 0
27.66 0
-13.09 0
-3.34 0
-24.42 1
40.13 0
35.51 0
63.18 0
38.23 0
101.23 1
71.02 0
55.53 0
-26.61 1
106.72 1
79.23 0
56.52 0
39.49 0
-24.04 1
-1.73 1
61.71 0
52.06 0
-18.59 1
-17.55 1
-6.93 0
82.61 0
28.8 0
100.17 1
1.72 0
65.87 0
69.14 0
78.71 0
74.15 1
-10.01 1
-5.14 0
-9.63 0
80.03 0
-28.24 1
39.04 0
4.93 0
12.77 0
-19.84 0
14.14 1
13.85 0
39.58 0
8.33 0
13.5 0
101.37 0
-15.89 0
96.04 0
88.91 0
102.13 1
79.64 1
96.58 0
49.64 0
8.33 0
-0.34 0
70.3 0
59.56 0
101.16 0
100.47 0
6.29 0
20.63 0
-1.09 1
74.96 0
20.13 1
-7.61 0
42.34 0
8.74 1
17.44 0
80.07 1
3.2 0
37.34 0
28.33 0
48.94 0
-28.41 1
69.65 1
2.28 1
37.43 0
-6.22 0
26.79 1
-0.25 1
48.04 0
106.2 1
37.98 0
70.73 0
60.57 0
9.32 0
35.98 0
-5.28 0
9.88 0
22.67 0
-3.95 0
55.26 0
28.88 1
45 0
21.89 1
75.1 0
52.09 0
10.75 1
48.59 0
56.86 0
15.38 0
-11.86 1
109.25 0
37.5 0
-13.56 0
93.82 0
-23.3 1
36.35 0
106.43 1
13.83 0
71.12 0
7.76 0
27.22 0
92.06 1
93.42 0
51.35 0
19.47 0
74.98 0
28.26 0
98.19 0
69.01 0
90.4 0
37.47 0
5.86 1
-13 0
58.61 0
28.54 0
46.85 0
-24.82 1
37.89 0
2.98 0
92.19 0
6.55 0
23.32 0
81.21 0
77.68 0
17.15 0
103.6 0
63.95 0
2.53 1
-8.15 1
42.75 0
47.22 0
87.65 0
-17.03 1
23.63 0
11.6 0
92.03 0
27.86 0
-8.28 0
65.46 0
62.09 0
79.47 1
23.83 0
6.58 0
14.32 0
7.39 0
-29.26 1
69.91 1
-6.9 1
48.71 0
45 0
108.63 0
104.64 1
56.99 0
90.48 0
26.1 0
3.44 0
-0.51 1
79.08 0
47.17 0
11.57 0
50.95 0
34.62 0
105.79 1
65.87 0
32.62 0
38.76 0
68.46 0
-4.31 1
17.2 0
101.49 1
70.06 0
107.96 0
-4.22 0
-26.87 1
-27.3 0
44.42 0
-16.9 1
-2.26 1
47.36 0
-18.3 1
41.81 0
-16.57 0
73.55 0
61.12 0
56.5 0
-0.56 0
31.93 0
30.42 0
22.06 0
54.51 0
45.28 0
-23.62 0
73.01 0
104.2 1
77.59 1
79.27 1
79.09 1
66.18 0
16.8 0
64.17 0
20.41 0
8.85 0
67.65 0
29.23 0
-15.55 1
53.49 0
-26.18 1
108.3 0
46.71 0
87.77 1
44.23 0
108.8 0
37.27 0
32.4 0
-22.07 1
101.16 0
40.08 0
54.01 0
12.7 0
3.58 1
69.31 0
17.49 0
66.41 0
-17.43 0
84.23 0
13.63 0
-10.5 0
98.7 0
17.5 0
102.62 0
100.12 0
68.01 0
-27.9 1
52.22 0
-24.54 1
66.23 0
99.47 0
85.66 1
67.66 0
105.51 0
75.13 0
23.44 0
28.06 0
42.12 0
-27.33 1
24.75 0
16.65 0
25.18 0
34.15 0
77.71 0
15.09 0
23.54 0
20.29 0
16.02 0
36.55 0
77.5 0
-1.8 0
70.71 0
76.76 0
30.31 0
57.62 0
-25.12 0
-26.84 1
82.78 0
16.68 0
51.86 0
96.96 0
23.65 0
87.59 0
70.53 1
96.44 0
64.35 0
32.37 0
-6.4 1
66.99 0
3.75 0
77.56 0
20.67 0
73.69 0
-19.09 1
-19.84 1
16.27 0
60.2 0
11.56 1
25.74 0
-11.83 1
-12.59 1
56.85 0
-29.17 1
88.18 0
57.36 0
70.65 0
39.38 0
71.04 0
-21.94 1
99.95 0
96.69 0
107.05 1
22.42 0
-8.02 1
-19.38 1
52.1 0
-22.61 1
34.52 0
61.37 0
24.41 0
-3.8 1
42.59 0
15.18 0
50.51 0
-5.18 0
7.19 0
38.17 0
81.58 0
66.62 0
13.66 0
-26.34 1
-14.93 0
46.62 0
-6.85 1
-1.81 0
-15.43 1
33.32 0
66.21 0
25.23 0
90.41 0
61.36 0
37.79 0
24.71 0
42.01 0
-5.81 1
56.51 0
-19.07 1
70.5 0
-19.88 1
90.27 1
83.2 0
68.84 0
78.27 0
3.22 0
13.77 0
31.27 0
3.07 0
74.72 0
21.21 0
-29.11 1
37.11 0
-19.93 1
58.56 0
65.47 0
46.43 0
38.24 0
86.32 0
108.02 1
105.96 1
75.69 0
73.02 0
53.42 0
52.65 0
-29.61 1
91.29 0
101.83 0
-20.56 1
-17.33 0
26.76 0
-7.41 1
29.53 0
41.8 0
87.46 1
74.93 0
1.24 0
92.58 0
102.8 1
69.7 0
97.66 0
3.67 1
73.11 0
86.13 0
22.25 0
107.49 1
7.88 0
81.29 0
76.04 0
43.8 0
48.6 0
-29.39 1
95.98 0
104.33 1
84.13 1
-17.78 1
7.41 0
16.36 0
-5.9 0
-21.9 1
-4.02 0
23.51 0
-2.16 1
101.63 0
-24.51 1
10.12 1
93.32 0
82.83 0
18.51 0
-11.49 0
25.29 0
84.74 0
78.58 0
25.71 0
18.94 0
93.15 0
11.93 1
108.46 0
41.95 0
2.32 1
-6.07 1
79.52 0
52.18 0
53.59 0
94.82 0
-2.18 0
-22.48 1
21 0
47.69 0
21.78 0
11.44 1
107.42 0
-0.67 0
-3.26 0
80.57 0
-27.92 1
-22.59 1
35.94 0
49.18 0
53.35 0
30.88 0
79.36 0
105.4 0
9.3 0
-26.21 1
-19.47 1
77.97 0
13.01 1
52.71 0
68.45 0
40 0
-2.75 1
96.54 0
-17.13 1
63.82 0
6.63 0
-7.23 0
98.23 0
-8.67 1
88.23 0
78.81 0
-0.77 0
11.08 1
18.19 0
80.64 0
35.02 0
80.79 0
40.78 0
94.6 1
94.19 0
-18.16 1
15.98 0
-16.02 0
66.75 0
31.58 0
17.03 0
50.78 0
2.7 0
69.21 0
23.28 0
62.95 0
21.08 0
36.85 0
-19.51 0
102.19 0
58.33 0
-7.51 0
28.84 0
-8.58 1
39.93 0
-11.37 0
-8.26 1
30.73 0
-9.87 0
7.51 1
39.8 0
63.04 0
-5.19 1
34.57 0
28.54 0
80.59 0
88.68 1
100.03 0
59.27 0
65.76 0
34.03 0
89.11 0
18.92 0
75.92 0
6.12 1
58.09 0
8.58 1
76.44 0
-7.09 0
65.13 0
53.58 0
51.08 0
20.93 0
43.39 0
109.21 0
55.31 0
-19.41 0
59.14 0
53.8 0
-23.43 1
71.59 0
90.15 0
104.01 1
15.81 0
95.22 0
40.2 0
84.61 0
13 0
88.4 1
79.73 0
17.17 0
-23.78 1
-25.71 1
38.92 0
40.87 0
78.38 0
-16.12 0
25.05 1
-24.89 1
-20.18 0
58.84 0
4.92 0
72.48 0
43.39 0
26.31 0
53.1 0
38.84 0
-5.76 1
3.97 0
100.83 1
100.34 1
22.18 0
-0.27 0
-19.31 1
86.3 0
94.11 0
93.2 0
-25.41 1
36.17 0
46.82 0
19.26 1
42.76 0
87.4 0
87.8 0
61.03 0
90.19 0
23.5 0
-8.63 0
41.42 0
79.21 1
35.25 0
95.75 0
100.49 1
1.41 1
-8.68 0
73.31 0
-29.72 1
20.17 0
30.58 0
39.14 0
-25.44 1
20.7 0
10.48 1
3.01 0
97.99 1
91.53 0
48.48 0
104.54 1
9.03 0
43.08 0
71.64 0
-19.59 1
47.77 0
56.26 0
92.65 0
66.16 0
-9.4 1
8.2 1
108.19 0
73.08 0
41.96 0
22.82 0
-20.15 1
54.79 0
0.52 0
21.03 0
72.5 0
-11.72 1
58.12 0
103.04 1
96.41 1
99.29 1
80.28 0
-17.7 1
4.54 0
53.29 0
72.81 0
-26.44 1
-25.47 1
93.88 1
53.05 0
6.35 1
66.11 0
89.45 0
19.14 0
-9.55 1
101.56 0
18.34 0
21.24 0
-10.48 0
78.62 0
35.93 0
17.63 0
62.44 0
75.57 1
74.26 0
89.79 0
82.95 0
-17.37 1
-24.49 1
-10.19 1
82.22 0
-20.34 0
17.71 0
92.38 1
-7.91 0
59.72 0
39.82 0
26.12 0
99.58 0
-0.24 0
23.29 0
50.75 0
96.96 0
25.49 0
58.63 0
87.24 0
50.19 0
76.49 0
91.52 0
82.1 0
-4.66 1
101.91 1
63.22 0
54.45 0
33.88 0
-4.52 1
-4.46 0
-13.53 0
106.41 1
31.41 0
32.4 0
32.79 0
-1.46 0
43 0
34.87 0
72.05 1
13.41 0
103.42 1
58.98 0
94.69 0
70.2 0
43.96 0
23.96 0
-5.62 0
25.2 1
85.19 0
39.86 0
-18.22 1
50.91 0
34.11 0
15.06 0
-26.87 1
75.01 0
-18.83 1
26.75 0
15.78 0
10.34 0
58.22 0
87.69 0
42.44 0
20.48 0
41.25 0
-2.41 0
80.32 0
106.18 0
57.4 0
17.02 0
32.73 0
80.98 0
109.72 1
21.25 0
54.75 0
102.62 1
64.79 0
31.19 0
-29.91 1
48.25 0
55.03 0
70.75 0
42.9 0
20.92 0
-23.28 1
15.13 0
36.69 0
51.77 0
-14.89 1
4.81 0
23.92 0
54.36 0
28.29 0
68.14 0
14.08 0
-15.2 1
19.98 0
105.47 0
-1.35 0
15.74 0
40.7 0
33.83 0
14.87 1
-21.3 1
33.69 1
8.48 0
55.35 0
103.95 0
77.28 1
-24.12 1
49.73 0
103 1
106.4 1
23.82 0
103.42 1
45.11 0
67.98 0
107.98 1
50.33 0
26.41 1
53.21 0
88.02 0
15.61 1
86.9 0
-12.45 1
0.91 0
8.18 1
25.65 0
-1.4 0
-22.05 0
7.63 0
20.12 1
37.2 0
45.39 0
74.46 1
57.5 0
90.77 0
94.68 1
77.85 0
-28.91 1
76.62 0
105.69 0
-15.37 1
83.14 0
77.46 0
53.25 0
-1 0
-5.4 1
28.14 0
13.43 0
56.9 0
106.06 1
-11.37 1
63.13 0
45.12 0
43.34 0
-13.65 1
-23 1
109.17 0
105.59 1
96.51 0
5.35 0
100.47 0
29.64 0
11.6 0
25.55 0
43.94 0
-2.17 0
-23.56 1
72.72 0
64.13 0
37.81 0
78.72 0
56.14 0
108.67 0
74.53 1
92.11 0
75.55 0
95.64 0
-22.33 1
-18.66 1
60.77 0
40.81 0
5.67 0
30.24 0
79.95 0
14.64 0
-3.48 1
33.02 0
5.62 0
98.98 0
30.63 0
-6.37 0
1.87 0
-14.75 0
19.99 0
27.17 0
70.35 0
49.09 0
27.15 0
48.73 0
70.2 0
21.51 0
85.59 0
29.45 0
-22.25 1
-1.52 0
104.85 0
69.13 0
-16.97 1
68.41 0
74.17 0
87.67 0
69.49 0
-17.05 1
35.5 0
29.54 0
0.37 0
27.38 0
62.52 0
14.67 0
73.66 0
52.1 0
-12.07 0
53.31 0
-14.38 1
1.03 1
61.09 0
-2.62 1
97.13 0
96.3 0
19.89 0
59.54 0
38.96 0
-26.84 0
-24.43 1
65.33 0
78.58 0
35.03 0
75.07 0
-9.31 1
17.43 1
60.94 0
8.27 1
16.09 0
8.32 0
93.84 1
67.27 0
103.83 0
56.45 0
3.27 1
107.49 1
75.14 0
93.55 1
-7.42 0
17.87 0
-15.02 0
-5.3 0
108.47 1
-11.31 0
-9.29 1
96.65 0
12.77 0
21.43 0
44.82 0
85.27 0
58.89 0
25.02 0
32.43 0
71.97 0
50.36 0
-16.64 0
102.97 1
63.92 0
3.13 0
6.08 0
2.93 0
14.54 0
42.54 0
30.67 0
45.63 0
51.61 0
50.96 0
-8.41 0
15.77 0
81.12 0
1.54 0
30.26 0
63.16 0
57.06 0
78.28 0
-9.04 1
82.66 0
64.59 0
93.96 0
55.71 0
104.99 0
13.08 0
-19.88 1
26.75 0
18.97 0
87.54 1
48.61 0
23.88 0
42.54 0
12.01 1
23.22 0
62.11 0
27.38 0
27.1 0
8.83 0
-26.71 1
63.41 0
8.88 0
28.76 0
57.46 0
76.66 0
-13.01 1
105.36 1
39.76 0
90.24 1
68.62 1
-15.24 1
26.24 0
3.07 1
66.68 0
83.91 0
50.33 0
102.28 0
53.32 0
-29.25 1
30.67 0
-28.18 1
54.99 0
-23.18 1
15.76 1
102.32 1
88.57 0
96.05 1
108.57 1
31.29 0
5.72 1
-14.92 1
62.3 0
108.89 0
1.64 1
99.3 0
98.74 1
46.49 0
-9.88 0
21.09 0
19.46 0
-26.86 1
76.94 0
76.49 0
77.12 0
108.91 0
9.26 1
-12.5 1
64.85 0
101.63 0
67.09 0
27.22 0
30.28 0
16.03 0
13.78 1
-3.37 0
29.22 0
80.37 0
81.44 0
30.34 0
88.01 0
48.64 0
1.22 1
24.61 0
69.13 0
30.03 0
26.13 0
29.56 0
85.84 0
104.04 0
-9 1
14.73 1
44.49 0
4.09 0
-25.91 1
66.79 0
75.04 0
31.65 0
86.24 0
66.52 0
78.84 1
-11.97 1
53.46 0
-16.23 1
64.78 0
17.78 1
16.07 1
40.7 0
83.98 0
59.97 0
41.17 0
-3.53 0
10.25 0
84.52 1
-1.87 0
6.2 0
9.65 0
49.37 0
42.13 0
85.27 1
-20.77 1
26.71 1
80.47 0
6.18 1
22.56 0
86.15 0
14.94 1
98.21 0
-14.79 1
10.44 0
37.5 0
70.07 0
42.02 0
26.44 1
-18.7 1
-27.75 1
-8.54 1
82.55 0
47.48 0
45.48 0
60.69 0
59.58 0
46.11 0
45.15 0
2.55 0
90.57 0
-17.13 1
65.89 0
-11.2 0
15.66 0
109.87 1
81.78 0
-2.15 1
70.67 0
99.5 0
96.88 1
31 0
91.23 1
72.18 0
45.74 0
47.2 0
-22.82 1
8.09 0
-8.29 0
108.62 0
56.21 0
45.76 0
72.24 1
107.46 0
8.17 1
-26.7 1
64.03 0
68.85 0
-3.89 1
55.36 0
15.16 0
89.11 0
95.52 1
50.97 0
56.86 0
12.03 0
61.81 0
-6.91 1
72.98 0
-3.21 0
74.38 0
91.42 1
26.39 0
63.45 0
85.12 0
-27.37 1
98.69 0
64.81 0
-6.87 0
49.94 0
-19.6 0
4.85 1
68.02 0
42.27 0
108.35 1
-8.14 1
67.5 1
11.85 0
68.45 0
106.4 0
15.66 0
55.75 0
-13.7 0
59.74 1
99.12 1
54.91 0
-21.77 1
14.16 0
72.38 0
18.31 1
-18.57 1
48.24 0
-9.52 1
81.19 0
19.92 0
0.11 1
-11.95 0
-6.72 0
21.55 0
85.01 0
93.73 0
62.65 0
51.87 0
80.22 0
29.35 0
28.29 0
14.47 0
94.4 0
76.59 0
84 0
-29.42 1
79.93 0
21.1 0
57.69 0
74.65 0
87.02 0
66.23 0
96.64 1
69.54 0
40.39 0
74.75 0
12.86 1
98.86 0
33.86 0
75.56 0
-19.99 1
41.37 0
80.68 1
45.18 0
49.86 0
73.27 0
65.32 0
8.26 0
65.22 0
62.47 0
37 0
92.4 0
14.48 0
73.39 0
4.12 0
84.2 0
-4.64 0
59.11 0
38.62 1
87 0
62.8 0
-2.62 0
12.84 0
-19.48 1
-24.95 1
45.88 0
18.74 0
-27.4 1
47.47 0
56.73 0
61.17 0
32.68 0
47.13 0
-16.79 1
41.58 0
48.04 0
106.91 0
53.53 0
48.98 0
20.62 0
67.26 0
66.19 0
-13.81 0
29.76 0
-1.31 1
95.22 0
38.98 0
59.93 0
91.09 0
92.05 1
70.99 0
35.19 0
101.15 0
101.28 0
47.43 0
30.13 1
27.53 0
-27.47 1
36.52 0
78.1 1
14.59 0
99.61 0
38.95 0
28.64 0
-28.01 1
10.11 0
47.04 0
90.71 1
71.62 1
27.64 1
-1.11 1
63.79 0
-28.61 1
73.75 0
-1.72 1
28.28 0
86.68 0
0.44 0
-25.88 1
108.57 0
99.82 1
43.99 0
-10.8 0
42.43 0
-22.6 1
82.86 0
-8.07 0
103.07 0
84.18 0
21.65 0
39.7 0
65.31 0
107.46 0
53.43 0
0.27 1
-4.84 1
35.55 0
53.88 0
70.73 0
61.91 0
-18.68 0
-4.11 1
46.32 0
7.59 0
-28.07 1
69.92 0
12.66 0
-0.99 1
70.91 0
96.86 0
30.8 0
62.01 0
-25.71 1
106.18 0
42.35 0
28.04 0
90.46 1
71.6 0
47.35 0
44.51 0
-22.49 1
63.29 0
60.83 0
0.85 1
35.89 0
-25.93 1
-15.85 0
68.7 0
11.05 0
-24.61 1
88.88 1
28.7 0
-29.03 1
23.5 0
22.67 0
25.82 1
74.86 0
27.93 0
99.19 0
62.59 0
-2.23 0
96.83 0
57.82 0
104.33 0
40.43 0
41.39 1
68.71 0
3.2 0
31.14 0
29.44 0
61.67 0
108.56 0
8.12 0
16.93 0
57.96 0
-15.05 1
22.17 0
26.72 0
-0.33 0
38.81 0
80.28 0
78.83 0
90.24 0
37.41 0
77.6 0
39.23 0
11.1 1
57.37 0
35.33 0
98.25 1
83.67 0
103.79 1
-29.43 1
2.61 1
52.74 0
26.44 1
43.16 0
82.73 0
96.79 1
1.65 0
66.69 0
29.01 0
51.25 0
-0.43 1
59.05 0
16.45 0
18.09 0
52.46 0
25.41 0
97.91 0
17.03 0
58.67 0
37.68 0
77 0
97.74 0
33.76 0
83.19 0
-4.66 0
61.08 0
65.44 0
70.15 0
-27.78 1
8.24 1
75.99 0
90.76 0
57.5 0
50.43 0
53.34 0
56.66 0
15.8 0
93.11 0
25.57 0
60.67 0
32.04 0
44.72 0
82.33 1
69.88 0
40.56 0
7.98 1
76.92 0
-14.6 0
3.94 1
5.42 0
82.12 1
40.52 0
86.5 0
67.67 0
24.91 0
64.21 0
43.21 0
61.13 0
6.3 0
21.17 0
91.57 1
25.31 0
99.21 1
94.6 0
91.36 1
-6 1
54.79 0
2.77 1
93.13 0
99.2 0
12.74 0
37.99 0
-0.32 1
24.74 0
-7.17 1
77.87 0
14.35 0
62.02 0
89.34 1
-25.34 0
80.19 0
81.29 1
26.43 1
-9.64 1
13.27 0
-14.97 1
33.89 0
105.88 0
77.04 0
40.23 0
40.26 0
1.7 1
5.37 1
-13.12 1
3.21 0
-14.85 0
-12.89 1
-24.85 0
-12.81 1
93.58 0
33.55 1
59.15 0
68.06 1
108.42 1
98.79 1
40.57 0
79.78 0
58.88 0
95.23 0
-26.39 1
-23.44 1
-24.27 1
60.42 0
19.87 0
67.21 0
101.84 1
-21.13 1
41.88 0
51.06 0
19.78 0
-1.87 1
35.46 0
91.69 0
-19.25 1
22.12 1
11.29 0
33.19 0
51.55 0
46.86 0
76.71 0
0.41 0
11.84 1
89.23 0
20.52 0
35.69 0
-19.16 1
75.67 0
94.42 0
59.91 0
58.55 0
-18.99 1
11.13 0
85.37 0
107.41 0
-0.85 1
-2.83 0
60.02 0
86.1 1
58.59 0
78.39 1
17.46 0
51.88 0
55.43 0
7.04 1
-1.99 0
107.53 1
100.63 0
9.55 0
23.34 0
85.41 1
5.49 0
10.51 1
92.79 0
97.51 1
-28 1
72.97 1
43.5 0
58.97 0
29.13 0
100.28 1
64.18 1
-28.98 1
38.47 0
-25.73 1
11.92 0
75.73 0
104.48 0
6.63 0
35.16 0
14.63 0
99.65 0
44.29 0
-29.41 1
-5.56 0
64.45 0
40.24 1
16.62 0
68.8 0
92.93 1
-27.53 1
13.12 0
-6.92 0
52.24 0
-2.69 0
57.02 0
-19.39 0
89.18 0
-1.86 0
79.66 0
-29.35 1
43.53 0
-9.01 1
-10.15 1
94.71 0
13.54 0
80.27 0
100.78 1
44.83 0
72.39 0
62.86 0
108.08 0
101.42 1
47.03 0
-11.12 1
104.71 0
-1.15 0
87.67 0
82.78 1
54.55 0
6.52 1
70.21 0
65.25 0
2.4 0
60.01 1
-4.84 1
3.73 0
21.95 0
22.6 0
-1.27 0
8.76 1
76.38 0
-20.38 1
-9.86 0
45.62 0
-18.12 1
19.63 0
66.87 0
4.01 0
87.75 0
34.18 0
-0.05 0
17.18 0
-28.37 1
50.53 0
-24.79 0
-20.19 1
63.38 0
21.81 0
-27.12 1
55.62 0
78.21 0
27.57 0
95.46 0
29.8 0
42.64 0
86.15 0
105.81 1
49.36 0
68.22 0
63.23 0
100.7 0
2.56 1
79.16 0
67.12 0
-5.84 0
48.89 0
14.48 0
65.34 0
1.64 0
99.85 1
100.05 0
50.53 0
27.21 0
62.23 0
104.58 0
13.07 1
16.33 0
21.32 0
64.28 0
-1.14 1
-29.91 1
9.79 0
55.76 0
75.47 0
-5.41 1
91.19 0
61.22 0
42.76 0
36.33 0
31.22 0
87.44 0
70.51 1
97.7 0
56.16 0
5.41 1
-2.65 0
-29.61 1
47.82 0
83.24 0
-23.15 1
37.48 0
55.36 0
23.21 0
24.49 0
59.76 0
28.29 0
104.86 0
44.42 0
75.18 0
50.35 0
97.47 1
-8.95 0
94.21 1
32.48 0
105.56 1
63.84 1
-25.29 0
75.84 1
65.9 0
-19.31 1
16.79 0
75.91 1
49.72 0
82.17 1
56 0
-13.44 1
-25.01 1
33.56 0
81.64 0
53.17 0
-2.93 1
45.51 0
93.97 1
102.85 1
102.98 0
18.86 1
-15.25 0
55.7 0
50.19 0
-25.79 1
32.87 0
-10.2 0
-2.35 1
81.59 0
6.47 1
81.58 0
100.52 0
16.04 0
91.38 0
84.04 1
-5.49 1
64.5 0
-15.55 0
-26.96 0
109.81 1
76.4 1
66.32 0
6.46 0
93.73 0
51.76 0
68.84 0
5.79 1
60.16 0
56.52 0
53.76 0
33.27 0
88.76 0
-0.96 1
-27.18 0
59.75 0
82.85 0
94.94 0
28.25 0
87.82 0
-7.55 1
78.99 0
-3.46 1
40.99 0
90.24 0
11.51 0
103.63 0
25.8 0
79.54 0
-19.39 1
97.89 0
-3.03 1
34.07 0
94.96 0
101.29 0
5.04 1
62.44 0
-17.27 1
103.84 0
73.77 0
62.88 0
46.67 0
-6.1 0
41.77 0
88.04 0
-11.62 1
1.11 1
56.65 0
8.87 0
-28.4 1
88.21 0
26.26 1
109.13 0
22.6 0
48.96 0
89.87 0
12.08 0
8.31 0
72.53 0
91.04 0
86.85 1
97.74 0
101.04 0
95.66 0
78.43 0
28.22 1
100.86 0
97.69 0
3.41 0
25.15 0
50.13 0
2.45 1
-7.26 1
17.32 0
33.12 0
47.66 0
-10.92 0
87.51 0
-21.08 1
86.07 0
-26.92 1
40.01 0
60.43 0
49 0
12.77 0
-2.72 0
22.82 0
41.19 0
34.5 0
90.81 0
19.05 0
98.1 0
-21.43 1
39.69 0
10.08 0
89.35 0
31.48 0
51.92 0
69.52 0
5.92 0
108.32 1
93.53 1
25.27 0
32.35 0
36.15 0
7.24 0
50.36 0
-15.8 1
0.12 1
82.79 0
-19.3 0
17.45 0
55.1 0
77.32 0
91.14 0
-4.12 1
63.06 0
103.76 0
76.36 0
89.71 0
41.32 0
34.13 0
29.76 0
83.2 1
41.62 0
-1.88 1
65.93 0
32.87 0
36.2 0
22.48 0
101.14 0
103.71 0
-8.64 1
37.02 0
55.76 0
81.79 0
96.58 0
91.49 0
41.72 0
46.94 0
-19.75 1
59.42 0
-23.64 1
-28.02 1
44.02 0
60.49 0
-18.34 1
98.03 1
78.35 0
72.55 0
78.02 0
-8.99 1
62.47 0
12.67 0
8 1
47.55 0
91.54 0
63.35 0
37.88 0
18.03 1
57.11 0
86.92 0
-17.82 0
20.13 0
81.02 0
68.51 0
-13.6 0
83.62 0
1.83 1
87.63 0
36.87 0
100.57 0
63.22 0
40.1 0
66.15 0
-26.1 1
9.29 1
-24.31 1
29.81 0
97.79 1
-2 0
23.02 0
25.3 0
42.66 0
102.72 0
34.25 0
43.58 0
73.78 0
-22.1 1
101.72 1
68.65 0
-22.27 0
23.94 0
-22.34 1
71.2 0
56.02 0
17.97 0
106.75 1
73.92 0
84.84 0
-28.11 1
-20.05 1
96.43 0
-4.61 0
105.75 0
17.56 0
9.03 0
55.32 0
43.33 0
5.55 0
35.87 0
46.04 0
49.44 0
18.74 1
69.95 0
41.85 0
79.57 0
51.34 0
74.29 1
13.59 0
-19.52 1
75.78 0
57.56 0
51.69 0
7.6 1
-5.51 0
-26.92 1
5.08 1
69.36 0
-24.33 1
106.21 0
68.7 0
-24.02 1
-15.29 1
105.1 0
-26.43 1
26.39 0
-19.74 1
1.06 1
-28.74 1
16.04 1
-21.95 1
46.87 0
67.85 0
53.71 0
100.85 1
-5.7 1
50.33 0
53.42 0
11.57 1
52.76 0
67.61 0
87.44 0
31.33 0
101.34 1
50.51 0
59.22 0
28.02 0
93.95 0
-13.66 1
100.76 0
105.66 0
-24.96 1
32.05 0
23.38 0
73.23 0
25.52 0
20.38 1
54.23 0
-27.88 1
93.36 0
77.63 0
-11.95 1
44.83 0
51.13 0
80.59 0
76.75 0
36.38 0
-6.28 1
-9.8 0
89.47 1
55.96 0
11.8 0
61.07 0
85.36 0
57.4 0
11.46 0
-21.18 1
107.59 0
94.95 0
-13.31 0
40.38 0
28.45 0
19.4 0
35.72 0
56.62 0
14.54 1
62.89 0
-29.75 1
-3.56 0
35.65 0
46.23 0
-20.72 1
90.66 0
32.78 0
50.26 0
73.12 0
46.95 0
-2.11 0
71.54 0
45.06 0
55.35 0
62.38 0
104.15 0
64.42 0
76.91 1
-19.39 1
-9.69 0
44.48 0
45.84 0
9.08 0
104.73 0
61.2 0
104.3 1
13.85 0
-20.07 1
36.6 0
108.14 0
85.34 1
27.91 0
-7.7 0
14.79 0
34.73 0
55.6 0
80.97 0
2.02 0
-24.25 0
109.2 1
79.37 0
44.38 0
-11.22 1
86.87 1
60.01 0
46.44 0
76.2 0
16.53 0
40.87 0
5.06 1
66.98 0
69.02 0
23.58 0
20.61 1
-12.38 1
60.34 0
-22.34 1
100.21 0
93.83 0
10.13 0
70.64 0
-6.61 1
41.38 0
31.13 0
29.52 0
-26.95 1
54.56 0
27.16 0
-29.03 1
105.95 0
54.04 0
108.3 1
14.87 0
24.73 0
102.07 0
36.94 0
-10.97 1
60.12 0
-24.86 0
78.53 1
-2.32 0
28.32 0
84.6 0
42.29 0
-22.94 1
-20.92 1
79.8 0
10.15 0
32.26 0
-9.62 1
30.91 0
12.3 1
32.79 0
94.47 1
-7.48 0
72.6 0
90.08 1
83 0
105.09 1
34.01 0
-17.47 1
-11.52 1
37.71 0
57.09 0
24.44 0
39.04 0
25.84 0
73.25 0
106.49 1
-4.61 0
61.55 0
107.92 0
67.26 0
2.47 0
-22.45 0
106.02 1
20.25 0
61.48 0
51.8 0
104.82 0
-1.38 0
-27.74 1
45 0
28.02 0
71.02 0
88.98 1
93.62 1
16.72 0
55.53 0
66.72 0
53.53 0
67.24 0
-14.74 1
-4.34 0
-12.49 0
15.88 0
94.9 1
43.07 0
58.31 0
70 0
80.62 0
72.81 0
12.87 0
104.66 1
18.6 1
32.81 0
54.16 0
23.13 0
-5.55 0
2.27 1
44.06 0
35.18 0
51.54 0
-2.01 1
45.32 0
39.99 0
84.85 0
10.42 0
91.58 0
44.53 0
1.93 1
74.22 0
52.34 0
-18.76 1
31.2 0
87.72 0
107.33 1
19.4 0
37.87 0
14.22 0
107.05 0
100.48 1
49.51 0
103.31 0
84.65 0
82.26 0
75.15 0
49.23 0
42.26 0
4.53 1
45.93 0
0.62 0
-19.84 1
99.22 1
55.66 0
36.08 0
17.9 0
-3.39 0
5.52 1
106.87 0
31.93 1
-2.12 0
89.12 0
107.72 0
67.91 0
-11.52 0
28.08 0
-23.81 1
-26.12 1
28.9 1
13.3 0
26.48 0
79.22 0
1.11 0
71.03 0
30.8 0
73.71 0
-23.17 1
109.79 0
42.11 0
85.2 0
92.05 1
23.53 0
-6.9 1
-9.87 1
-8.65 0
-28.25 1
102.49 0
48 0
98.47 0
22.9 0
71.01 0
47.48 0
39.73 0
-1.32 0
3.15 0
-9.03 0
-29.81 1
21.41 0
-8.68 1
7.48 1
63.55 0
85.42 0
105.79 1
88.45 0
3.86 0
60.36 0
27.46 0
20.84 0
38.22 0
29.15 0
44.16 0
11.27 0
-24.1 0
67.54 0
44.65 0
-10.06 0
-8.96 1
65.7 0
-6.55 0
96.99 0
17.47 0
-20.4 0
15.98 0
63.57 0
-11.61 1
99.03 0
-9.25 0
69.81 0
101.24 0
19.85 0
44.11 0
62.72 0
38.81 0
25.4 0
41.7 0
-0.03 0
24.98 0
31.77 0
45.03 0
59.98 0
27.69 1
63.38 0
9.66 0
106.45 1
13.76 0
43.11 0
71.17 0
17.54 0
20.25 0
1.84 0
3.29 1
72.24 1
47.4 0
69.52 0
94.59 1
-29.33 1
43.09 0
18.85 0
39.75 0
68.65 0
68.91 0
-22.51 1
-4.5 0
31.83 0
64.99 0
53.61 0
5.3 0
-13.26 1
77.6 0
55.34 0
-0.58 0
23.74 0
59.84 0
-17.16 1
93.99 1
-17.28 1
50.72 0
84.12 0
-16.88 0
99.75 0
82.08 0
-20.67 1
42.63 0
35.78 0
97.34 1
60.37 0
106.77 1
33.54 0
95.38 1
42.25 0
54.24 0
-12.65 0
96.06 0
14.56 0
-0.26 0
-16.57 0
77.35 0
21.75 0
84.9 0
-1.2 0
28.61 0
-2.95 0
90.46 0
-2.52 0
-19.74 1
12.66 1
88.62 0
83.72 0
19.63 0
26.33 1
69.38 0
19.65 0
14.25 0
1.75 0
105.9 0
-23.12 1
-22.94 1
8.62 0
46.29 0
-7.44 1
96.52 0
90.83 1
91.72 1
57.86 0
9.56 0
-6.09 0
30.32 0
76.02 0
46.89 0
-18.62 0
22.19 0
81.75 0
68.54 0
83.46 0
-12.14 1
-28.47 1
77.33 0
21 0
74.13 1
44.95 0
78.73 0
-13.09 1
72.56 0
18.75 0
-15.55 1
41.72 0
-28.15 1
-1.11 0
62.88 0
21.68 0
19.39 0
14.72 0
74.29 0
-11.73 0
60.95 0
39.93 0
67.94 0
81.56 0
24.73 0
50.9 0
67.26 0
82.29 0
11.71 0
-20.65 1
32.55 0
13.38 0
68.71 0
61.46 0
20.02 0
0.93 1
16.71 0
74.33 0
73.91 0
-10.52 1
54.03 0
-26.68 1
58.5 0
74.42 0
46.92 0
40.46 0
83.88 0
-4.9 0
-2.68 1
56.1 0
84.33 0
6.21 1
32.36 0
98.6 1
103.58 0
10.08 0
-18.88 1
0.24 1
19.58 0
87.7 1
25.59 0
61.67 0
21.48 0
18.51 0
76.35 0
67.58 0
108.39 0
0.39 1
-26.94 1
40.8 0
24.45 0
-19.86 1
12.15 0
77.98 0
76.97 0
98.85 1
105.46 1
33.85 1
-11.94 0
51.9 0
-20.92 1
-7.57 0
109.82 1
4.34 0
66.95 0
103.57 0
-9.26 1
-3.66 0
-6.9 1
96.19 0
3.86 1
16.95 0
31.94 0
18.11 0
46.11 0
-3.65 0
87.01 0
26.03 0
23.89 1
71.95 1
