attacks hour users year accounts
67 5 314 9 119
27 21 331 6 69
44 9 348 3 120
68 3 274 8 8
70 6 267 9 40
48 19 267 8 37
25 21 334 2 70
35 12 350 4 39
51 9 305 8 59
49 15 267 7 51
26 14 317 1 20
22 21 339 3 17
42 17 342 6 33
44 2 308 1 74
46 7 264 0 66
54 10 272 6 40
32 6 343 6 40
50 15 317 8 40
41 4 339 6 21
48 19 281 9 65
30 16 288 3 15
28 20 329 2 104
45 13 267 8 19
25 20 321 4 34
40 13 317 5 27
35 20 258 3 39
42 16 283 5 106
63 14 260 8 29
50 15 281 9 10
60 6 322 10 54
31 21 280 3 28
40 3 308 1 33
35 8 328 1 48
54 4 259 4 68
55 11 263 6 28
51 10 248 4 68
58 1 304 5 34
50 10 321 1 118
41 13 298 6 82
51 18 296 8 89
14 22 351 4 20
54 7 331 6 45
25 22 335 7 45
69 2 296 9 14
63 6 287 9 26
54 14 314 2 207
30 17 280 3 26
33 14 320 4 47
63 2 298 9 31
54 7 257 2 8
17 20 316 3 34
37 24 318 9 43
27 21 334 5 88
37 24 310 9 24
59 9 286 4 19
28 12 373 4 38
47 11 302 7 30
33 16 295 0 14
41 6 309 1 14
39 8 302 5 32
61 11 269 7 62
64 7 294 5 38
47 3 279 6 43
33 7 301 1 71
41 19 263 1 63
41 0 320 5 31
38 23 290 9 24
45 3 298 3 11
39 1 319 1 11
48 1 286 2 41
51 1 301 2 118
43 21 298 8 125
54 12 316 9 71
40 13 323 9 82
30 22 298 4 26
49 2 295 8 17
57 0 286 5 20
25 20 307 3 62
37 13 342 6 30
28 17 297 3 39
30 23 293 2 126
43 15 288 5 73
37 23 279 7 45
47 22 257 4 172
30 16 346 2 53
32 1 343 1 84
51 12 319 8 46
52 12 305 6 106
44 19 301 7 32
59 21 277 7 91
37 14 269 7 59
50 0 336 4 33
49 7 283 7 35
51 11 315 6 66
59 12 304 8 156
64 1 314 6 36
62 15 273 7 151
40 4 298 1 63
65 1 295 5 89
26 18 313 1 60
49 4 334 6 162
76 1 296 7 57
25 19 298 3 20
54 13 305 7 79
77 4 280 3 75
43 22 332 7 151
40 21 291 4 34
33 21 323 7 44
36 18 331 8 38
39 1 332 0 42
29 14 288 2 104
21 24 295 3 16
69 4 254 10 43
38 5 315 6 15
53 15 276 7 78
49 19 241 1 119
47 14 275 10 46
36 8 348 4 43
52 15 259 8 61
35 16 316 5 83
32 20 301 2 35
47 2 305 3 36
36 1 313 3 89
26 23 293 1 32
52 5 278 7 63
43 1 349 5 1
40 12 334 7 69
62 2 282 6 59
7 19 329 0 7
33 7 324 0 48
47 10 306 8 40
50 22 288 9 14
28 17 309 2 142
85 0 274 4 129
41 1 306 1 29
65 7 278 3 154
55 11 275 8 93
22 21 312 0 26
47 10 298 6 30
58 2 266 5 46
30 14 308 0 46
51 5 270 3 85
36 20 301 4 100
36 18 301 8 38
35 18 336 6 87
19 14 320 1 5
50 19 253 1 108
30 12 298 3 44
44 15 313 3 124
31 19 326 2 94
37 21 321 9 54
44 14 337 4 72
26 21 288 4 46
47 12 315 9 23
21 17 323 1 103
45 9 280 7 32
45 12 282 4 104
39 21 285 6 23
38 19 277 1 63
33 9 353 7 12
49 11 245 9 39
51 16 305 8 83
29 15 326 2 62
61 4 268 7 17
54 3 325 10 31
19 20 337 5 33
59 6 294 6 52
49 20 282 3 67
42 22 307 5 47
47 12 281 7 32
36 15 268 1 26
39 14 346 8 32
45 18 281 4 101
31 18 257 6 73
45 11 280 2 53
42 23 279 8 44
42 9 311 8 27
69 4 277 9 40
59 4 265 6 61
57 5 275 5 99
32 11 309 0 70
39 9 304 6 86
18 18 343 5 23
50 6 290 2 19
81 10 265 9 61
43 15 290 8 99
44 3 312 7 27
35 8 312 1 57
68 4 326 7 54
51 24 270 10 14
48 12 324 8 42
21 22 303 3 15
32 4 304 4 31
46 18 291 5 96
39 14 279 2 39
32 22 323 7 44
15 20 365 1 89
60 12 278 5 51
40 5 290 0 30
40 9 285 9 8
40 18 285 6 33
65 4 264 6 44
19 22 329 0 38
48 6 304 7 4
53 4 333 9 31
31 11 314 10 106
42 3 345 2 54
52 15 269 7 48
36 6 334 4 69
52 8 289 10 19
16 19 320 1 26
47 6 348 9 48
48 3 304 4 44
48 1 259 4 10
49 3 269 1 15
51 1 296 3 61
43 11 294 9 21
65 1 281 8 41
45 15 328 9 60
48 19 301 9 43
63 7 316 8 20
46 7 300 8 23
46 3 334 8 36
15 22 332 2 33
25 17 298 3 24
48 4 307 4 39
55 13 292 10 68
21 20 299 3 86
23 19 337 1 108
47 3 301 10 19
37 16 302 5 40
64 14 256 5 79
35 18 282 4 103
35 14 281 4 42
33 6 322 3 22
29 23 320 8 34
32 8 317 1 51
44 7 275 1 36
25 9 306 3 44
48 1 304 3 77
48 8 283 7 19
33 21 296 8 17
32 10 298 0 35
73 1 297 7 95
39 14 291 5 49
50 13 291 7 44
57 20 306 5 169
45 16 265 5 45
42 7 301 1 18
52 12 304 5 53
34 17 282 9 31
32 14 268 0 23
31 20 286 8 42
69 17 287 9 112
56 13 311 8 21
54 8 314 10 12
80 17 287 9 111
32 12 304 2 33
21 24 300 3 17
30 15 317 1 50
24 19 326 5 32
24 19 325 1 65
34 10 293 3 22
38 12 320 7 13
63 5 306 8 40
27 21 302 1 47
57 13 264 8 55
27 23 288 1 48
43 2 311 5 13
29 2 322 1 11
25 15 346 4 32
38 9 311 6 69
36 8 330 1 15
45 2 306 2 46
84 4 297 9 81
37 6 285 1 38
42 1 345 3 67
38 7 326 5 39
50 7 283 8 37
22 24 292 0 43
42 17 253 5 52
64 1 304 9 32
34 19 297 5 21
30 18 314 0 44
62 2 322 9 11
54 4 274 4 56
30 17 278 2 5
42 20 254 6 63
38 17 293 7 104
59 2 273 8 22
34 14 290 1 56
32 22 295 7 47
37 16 290 4 21
63 4 329 6 99
61 10 290 6 100
42 9 292 2 59
37 18 263 1 79
50 2 300 2 36
57 6 291 3 139
25 23 300 3 37
25 20 334 4 11
19 19 316 1 12
34 20 331 10 28
39 13 320 2 67
45 6 252 1 38
36 16 255 1 34
47 8 312 9 20
23 22 323 1 70
47 15 312 8 29
31 19 291 3 49
37 6 295 5 57
23 22 288 1 67
47 6 334 6 86
32 18 268 7 19
51 10 327 8 76
34 10 324 2 63
37 21 279 3 74
50 6 308 10 36
66 6 304 9 57
44 9 297 4 108
58 23 250 8 25
35 12 353 5 9
33 2 314 0 56
57 6 322 9 111
38 15 281 3 72
39 14 315 7 115
62 1 269 8 42
48 17 279 5 33
43 9 277 10 12
44 6 293 2 41
49 13 292 2 34
47 4 322 7 28
45 15 291 3 40
41 11 293 7 12
31 7 315 1 28
25 16 321 1 12
30 10 324 4 8
36 10 305 1 46
55 3 288 1 61
47 7 308 4 43
36 22 279 7 4
37 5 297 0 78
44 15 321 2 112
61 13 280 6 103
53 5 313 3 122
53 3 277 2 17
49 14 259 7 82
52 21 279 10 82
37 7 301 6 37
46 14 304 7 70
46 19 311 5 121
50 1 292 1 53
46 9 330 6 40
41 22 305 9 29
48 20 260 5 76
53 0 312 7 36
43 18 259 3 43
39 11 317 4 31
50 4 286 6 93
28 3 333 5 72
30 22 344 8 77
40 7 296 1 88
46 10 292 7 21
39 13 316 1 137
38 8 321 7 49
49 2 281 2 48
40 5 303 4 26
46 15 275 2 91
53 16 298 9 138
75 9 306 8 126
25 24 328 8 46
44 13 280 6 31
62 6 290 8 35
17 18 295 1 27
37 20 284 5 51
45 13 264 6 31
34 17 318 5 65
38 14 285 5 38
41 4 332 2 17
48 1 304 3 72
44 8 326 5 41
24 22 347 4 48
46 22 298 8 57
41 14 351 6 35
49 0 324 6 19
27 15 314 1 55
38 5 320 2 61
33 18 306 5 48
50 3 337 8 41
59 1 299 6 34
35 9 331 4 44
39 18 282 6 18
33 3 363 3 18
54 2 270 2 36
40 2 292 0 63
58 7 277 7 51
45 16 309 2 54
52 6 316 3 145
46 6 290 3 77
36 15 285 6 31
49 23 276 10 25
40 19 325 10 67
36 12 331 8 17
36 3 303 4 13
74 7 264 9 18
46 6 299 1 23
63 1 275 8 30
27 21 354 6 48
57 8 273 5 99
52 11 260 5 24
55 5 305 5 80
27 14 315 5 39
45 9 315 5 58
58 5 269 4 22
75 1 289 8 98
40 18 285 7 76
44 20 282 7 43
36 18 306 8 39
56 2 278 8 16
37 16 299 7 10
7 21 351 0 32
55 5 283 7 45
33 19 268 7 128
45 3 290 5 99
31 3 331 5 19
38 15 296 1 169
71 3 289 9 34
25 6 296 0 14
35 14 305 6 45
38 19 313 8 40
31 12 316 6 11
33 24 324 6 70
22 10 360 2 44
52 7 274 1 11
25 18 303 2 27
21 21 301 1 38
79 1 260 9 80
42 17 275 9 58
65 1 311 6 89
67 11 248 7 30
60 7 302 9 78
59 3 252 6 27
42 9 303 2 23
27 16 341 3 46
67 1 272 4 102
53 16 282 10 62
26 18 302 1 48
35 11 315 2 23
42 13 300 3 56
33 22 277 3 79
26 4 368 5 28
48 3 314 1 96
43 6 280 5 40
48 12 287 6 72
27 16 319 2 34
31 22 285 3 22
51 6 316 7 65
36 14 316 6 18
40 9 278 1 72
55 14 285 8 15
38 1 318 0 46
51 12 289 4 23
29 7 317 0 72
62 14 283 8 108
34 6 317 4 73
38 4 275 0 60
50 6 284 5 46
46 12 279 1 78
77 4 291 6 126
46 5 316 9 34
43 21 290 8 25
38 20 302 1 34
24 10 318 0 70
46 15 305 9 47
37 15 316 8 27
38 17 304 10 40
33 6 318 4 12
43 18 287 9 18
64 0 301 10 41
44 22 274 5 20
48 8 297 8 65
29 22 316 10 13
48 24 298 7 69
68 1 250 0 108
52 3 283 6 14
43 22 278 6 39
70 2 276 5 66
53 3 293 3 40
41 13 344 6 66
37 21 311 8 33
28 24 304 1 76
71 5 285 4 163
59 11 242 9 32
39 17 319 9 83
49 20 295 6 43
52 0 348 2 50
58 16 299 4 83
32 22 299 3 63
77 3 256 9 26
27 20 313 5 48
21 21 292 2 30
35 16 272 1 36
52 6 304 8 42
36 7 288 5 11
38 4 309 1 96
29 19 305 0 83
32 21 302 8 38
42 10 312 3 47
61 10 267 8 39
37 13 282 3 16
22 21 323 5 31
52 10 304 9 53
50 0 310 2 28
72 1 284 8 53
35 7 349 3 30
39 8 328 8 55
28 22 305 6 74
47 7 327 7 75
66 5 280 8 40
67 21 268 9 68
51 5 306 2 61
52 7 301 7 38
47 19 270 10 41
33 14 299 1 46
45 2 329 6 28
54 8 323 9 29
33 15 320 1 140
51 10 314 10 52
50 12 278 8 16
54 12 297 4 102
62 8 321 9 83
34 20 276 8 13
61 4 337 7 142
56 3 341 6 41
47 6 313 8 49
33 10 314 4 51
46 21 320 10 77
46 10 301 3 29
48 13 269 5 27
26 14 300 5 8
51 1 359 4 67
52 2 298 3 25
37 18 243 4 36
19 13 339 3 18
31 18 304 2 15
40 19 266 3 6
40 4 341 8 12
54 3 288 7 13
58 10 283 10 31
46 9 289 1 88
49 22 277 8 52
46 4 347 1 52
30 24 321 8 42
33 21 315 4 51
56 13 283 9 50
61 8 332 9 24
46 6 275 4 24
40 17 281 6 34
42 12 319 7 33
40 6 316 4 39
30 17 313 1 81
35 2 344 3 28
52 10 278 5 26
40 13 331 7 46
28 7 327 1 11
54 11 331 9 90
48 6 303 6 29
76 1 290 6 153
56 3 341 9 87
24 8 327 0 37
56 4 307 8 83
33 13 305 4 29
33 18 330 6 48
32 12 332 5 21
33 20 288 10 10
37 4 322 2 20
36 16 319 4 65
34 16 275 2 41
44 14 305 7 48
35 12 283 4 25
24 20 294 7 11
35 17 307 3 17
22 16 309 1 19
36 23 316 8 70
44 7 301 3 149
56 14 303 10 57
62 8 302 6 77
21 22 268 0 117
35 11 309 2 74
16 22 337 1 37
46 5 325 10 56
21 18 312 2 23
59 10 332 6 139
42 2 334 6 96
48 4 289 8 5
72 3 304 10 107
29 21 300 5 25
59 12 268 9 39
32 20 275 2 26
36 15 315 4 14
31 15 327 3 65
30 21 315 3 13
48 17 274 9 9
55 4 253 3 74
28 22 299 8 13
45 6 317 8 11
30 16 333 1 71
47 1 320 6 13
37 19 262 3 8
40 21 282 7 74
65 6 278 8 76
24 18 304 8 28
26 9 319 0 13
44 1 321 3 26
44 24 272 8 49
46 5 318 4 56
52 17 267 9 129
51 5 324 9 15
58 8 309 3 146
69 10 256 7 77
58 2 289 5 15
58 24 259 7 33
50 11 322 10 37
32 0 304 2 63
39 13 321 4 60
62 6 304 9 32
54 3 294 4 32
48 9 317 6 48
47 15 285 3 85
69 1 296 10 38
48 4 274 1 41
22 20 312 2 14
57 3 296 2 67
44 7 292 3 27
32 8 310 4 30
47 18 297 10 92
43 23 314 9 35
57 1 265 5 43
68 3 267 8 47
56 5 266 7 13
41 5 332 1 55
63 10 299 10 36
54 2 309 8 39
48 13 260 8 22
53 10 284 6 90
55 3 305 4 59
28 14 275 1 14
24 15 351 5 106
48 17 306 7 32
49 3 303 4 38
29 19 303 4 42
23 18 328 3 50
30 23 300 4 4
45 19 272 8 45
49 15 303 9 63
51 9 302 2 85
74 5 274 10 42
32 10 274 1 63
45 20 316 7 57
51 2 296 2 62
54 2 324 9 12
42 1 285 3 80
46 11 319 8 35
48 17 277 7 51
46 2 361 7 27
45 9 274 6 10
21 8 346 1 19
35 19 278 3 16
35 10 320 2 37
48 3 335 8 113
35 19 293 6 36
23 14 324 2 34
31 15 335 9 49
50 2 323 7 52
42 0 327 2 152
36 21 287 3 38
66 3 290 6 117
41 20 299 10 51
30 23 303 9 11
39 20 279 9 38
48 5 300 2 18
40 10 336 7 87
49 17 273 10 56
34 3 309 1 43
68 10 303 8 127
37 2 300 6 47
40 18 319 5 24
36 9 312 2 25
39 17 331 8 27
50 8 337 10 55
44 13 259 10 7
33 20 299 7 71
58 7 302 9 58
65 10 286 8 94
22 23 297 0 66
42 9 301 5 11
55 20 300 9 97
27 21 270 1 23
60 1 321 8 28
55 18 328 9 68
43 2 320 2 14
45 15 249 9 66
46 14 258 1 78
31 22 309 3 34
46 13 288 3 90
55 4 288 5 108
48 10 300 1 52
47 9 306 7 42
34 9 302 3 35
63 5 311 7 53
50 10 291 7 59
27 18 319 0 45
75 3 230 8 36
26 19 315 1 45
46 3 324 4 34
40 12 329 3 35
38 13 353 7 58
35 13 305 1 47
58 12 283 9 77
38 17 288 1 28
48 18 263 6 67
49 16 265 8 19
29 18 308 1 38
40 16 291 2 119
21 23 291 3 21
38 12 288 1 27
23 22 296 1 15
36 18 289 7 16
37 15 288 7 23
52 5 305 6 45
56 12 314 9 27
52 9 301 5 62
36 14 347 4 38
35 23 310 10 33
54 3 305 7 62
52 5 291 3 66
26 15 304 0 15
23 20 308 3 37
37 20 336 10 60
39 13 323 6 32
43 23 285 5 85
30 19 304 2 24
50 2 336 6 104
36 18 283 8 18
33 15 325 8 9
57 16 321 10 101
34 23 313 4 77
65 14 303 6 109
47 21 287 8 46
61 1 304 6 19
60 3 255 0 80
59 13 291 6 41
44 5 309 4 45
42 9 320 9 73
42 13 309 4 95
22 23 326 5 57
36 12 322 6 12
46 7 293 1 65
59 3 243 10 23
38 22 280 4 14
71 16 224 5 130
32 21 337 8 25
67 8 281 10 78
47 13 284 10 59
22 24 290 4 60
20 20 324 2 19
33 19 296 8 34
31 19 340 8 54
29 23 289 2 56
39 17 304 5 54
48 15 262 6 38
54 6 292 2 72
40 5 296 1 92
50 12 279 10 8
42 4 314 2 79
51 9 272 6 41
51 0 278 4 3
31 20 289 2 46
49 5 266 2 35
46 3 276 8 9
49 13 268 5 21
42 4 375 6 102
51 17 287 7 51
29 22 315 7 53
42 10 290 6 11
42 11 337 8 81
22 21 336 2 57
22 17 330 4 55
51 16 227 2 93
38 2 325 5 57
46 9 308 3 61
40 18 272 7 25
44 13 278 5 44
45 14 293 7 78
54 2 282 5 52
90 4 270 10 14
54 11 284 9 25
34 2 339 0 32
37 16 261 9 44
40 11 256 4 31
40 5 295 4 40
49 21 274 7 78
48 15 262 4 62
47 10 299 5 10
65 4 312 7 78
56 3 304 9 10
29 21 279 1 46
30 20 283 8 9
48 16 301 6 84
60 13 277 6 94
38 21 350 7 53
36 17 284 1 43
63 5 305 8 66
33 23 292 10 54
48 8 278 5 31
52 10 333 9 101
47 21 231 6 54
24 21 313 2 41
39 10 323 6 55
44 13 310 8 63
49 10 305 1 31
41 12 306 4 22
60 3 314 9 80
79 5 293 10 123
40 24 271 7 33
45 14 283 4 97
34 18 325 9 28
53 7 286 10 42
34 22 305 7 61
37 20 284 3 38
42 6 288 5 66
54 19 279 9 67
48 7 291 3 108
38 12 297 6 45
22 22 323 5 23
51 13 299 8 47
50 13 279 8 27
18 16 313 1 17
37 23 282 9 59
77 1 276 3 156
70 0 283 10 41
54 5 310 10 87
9 20 337 0 10
60 8 287 3 11
22 21 341 5 30
36 11 324 3 92
31 14 324 1 32
40 19 328 6 119
53 1 326 7 28
39 14 339 4 128
67 4 261 6 56
42 21 284 6 55
47 6 333 3 79
32 22 299 10 27
43 22 302 5 80
27 21 298 4 36
50 6 309 6 47
34 23 314 6 114
28 10 298 1 38
39 12 244 1 20
55 2 306 1 68
53 17 287 9 134
51 13 291 9 15
45 17 249 3 11
27 23 280 0 23
48 14 335 9 36
34 16 286 2 9
59 4 300 5 150
29 23 290 2 44
51 7 270 8 42
54 14 317 10 16
39 13 263 0 99
46 1 301 5 44
62 9 302 10 55
38 18 291 3 135
55 6 303 3 45
56 7 300 9 68
36 11 322 7 10
33 16 297 1 13
26 18 355 5 57
52 4 280 5 12
43 2 270 0 47
45 15 300 5 55
27 23 304 4 31
47 2 308 9 38
52 3 296 6 14
38 6 337 9 16
42 17 279 2 99
51 1 310 6 49
52 2 296 9 29
63 12 272 4 40
55 10 291 10 53
55 5 290 8 67
18 24 283 1 44
28 16 273 1 33
37 9 325 6 60
69 3 281 5 28
66 1 273 6 55
28 23 317 7 54
48 22 287 6 62
42 8 293 4 64
38 8 311 0 34
65 17 245 8 34
37 20 275 3 122
37 9 326 0 82
51 6 307 8 17
45 10 299 2 62
54 9 348 8 65
43 9 319 7 59
48 12 281 7 32
40 16 302 9 28
37 5 324 1 32
49 8 281 6 18
47 8 289 6 44
49 9 314 4 36
56 11 307 9 123
35 17 293 1 36
32 9 354 5 61
58 3 294 9 38
37 11 288 1 51
32 13 296 6 34
57 8 281 6 68
38 2 294 1 35
58 0 322 6 63
32 6 330 1 27
37 24 264 3 53
31 18 323 6 21
39 12 292 3 77
42 14 302 9 14
29 19 305 6 1
41 12 300 3 8
41 16 307 6 28
39 19 278 9 36
24 23 325 4 65
40 21 297 7 119
47 6 286 5 18
60 3 313 6 89
46 12 272 8 30
39 17 301 4 22
40 21 233 3 60
37 20 327 6 106
58 18 278 8 57
67 6 288 10 41
45 14 302 3 91
42 19 299 9 33
53 14 301 9 75
48 9 272 2 3
42 5 329 9 29
43 12 279 5 22
19 16 295 2 14
29 23 317 5 22
65 14 286 7 78
51 9 309 2 136
35 21 284 7 35
41 12 280 2 49
51 3 265 2 33
28 7 350 5 11
61 6 330 10 63
66 11 317 10 81
28 21 307 3 72
32 6 330 2 26
56 11 293 5 90
29 24 295 6 12
34 3 269 2 12
38 24 283 10 39
46 22 290 9 45
33 16 286 7 39
59 7 285 5 10
52 5 328 9 62
72 8 281 10 51
52 1 295 3 38
41 23 302 9 27
22 3 310 0 16
37 21 304 10 18
22 19 356 3 132
42 9 321 2 55
38 19 285 2 56
45 24 277 8 38
54 1 293 8 37
34 20 356 7 36
63 1 305 5 87
49 5 310 8 56
49 3 305 4 69
55 2 280 5 29
34 16 286 1 27
55 10 283 8 13
32 14 310 0 53
40 6 297 4 17
53 8 300 10 62
40 23 312 8 21
74 3 238 10 47
27 18 296 3 72
39 3 286 0 44
56 14 271 7 28
28 22 337 3 60
26 21 296 1 29
57 13 256 4 89
43 19 291 4 47
46 20 302 7 72
34 12 280 1 17
