pitch speed curve angle
foul 114.3391 3.6646 -3.8
foul 103.7843 22.243 1
strike 110.0839 6.5781 0.6
strike 98.8694 1.4024 1.3
strike 105.7648 0.5404 -0.2
strike 104.6686 2.0073 -0.5
strike 103.7373 1.8284 -0.9
foul 117.7901 1.2321 -1
strike 93.8846 4.8376 -1.7
strike 92.319 8.8528 2.5
hit 102.1549 9.1808 -1.4
strike 105.9578 2.2324 -1.1
foul 111.2385 7.1172 -6.3
strike 114.9699 0.9898 1.8
strike 108.059 3.176 -2.2
strike 98.4033 2.7523 2.1
hit 103.2639 7.4751 0.3
hit 111.5856 0.8627 0.3
foul 112.0778 7.4821 -6.1
strike 98.5066 4.7624 0.9
strike 99.3211 6.8843 -1
foul 115.5036 4.7239 -4
strike 94.3488 7.4405 -3.9
strike 102.9983 2.1913 -3
strike 105.9365 1.2732 0.4
strike 94.7498 3.489 0.3
hit 108.5062 2.2757 -2.2
strike 92.3482 12.1305 0.9
strike 90.6244 1.9944 1.4
foul 117.3016 5.9173 -0.7
foul 106.5188 4.5883 -6.1
strike 113.6157 1.9728 5.8
strike 90.2902 2.0276 -5
hit 115.194 3.229 1.3
strike 93.2834 11.5711 0.5
hit 110.0281 11.8839 0
strike 92.1723 9.8343 2.7
foul 117.0688 2.8542 -3.2
strike 102.6148 3.4715 -1.3
hit 109.9145 2.3 -0.5
strike 92.572 1.7788 -1.9
strike 105.2592 4.3178 -3.6
hit 109.2399 6.1524 5.2
strike 116.0186 17.3086 0.6
foul 109.5283 7.1223 -1.7
strike 91.5838 0.2604 2.5
foul 103.313 15.7971 -6.2
strike 91.8507 9.6917 -0.4
strike 94.36 4.8902 4.3
foul 102.7422 9.5773 1.2
strike 103.8333 1.4746 2.1
hit 115.2034 12.8956 0.2
strike 102.5807 0.6255 -2.6
strike 97.7327 3.5458 -3.5
foul 106.544 8.527 1.2
foul 115.4544 7.8539 1.4
foul 101.0095 6.502 5.1
hit 109.4493 1.2831 -1.4
foul 103.3959 3.8661 2.7
hit 112.8382 1.0758 -1.1
hit 104.574 10.0288 0.3
strike 99.3889 6.6061 -2.3
hit 107.8909 7.9517 -1.3
strike 95.3781 4.0817 -2.1
strike 98.4048 0.5925 4.7
hit 117.9744 2.0317 -5.3
strike 98.5534 3.6514 0
strike 93.2039 6.8152 1.1
foul 111.7337 1.3774 5.4
hit 107.1877 0.3934 -0.6
hit 108.5023 4.7088 -0.8
hit 112.0201 6.8901 -4.5
strike 94.5131 10.6861 -1.9
strike 99.9277 1.0587 -2.9
hit 102.9206 15.0554 -4.5
foul 111.2019 7.9929 2
foul 105.5517 6.7696 2.4
strike 95.9193 1.7078 1
strike 116.5642 7.9123 -1.3
strike 108.6916 0.8982 -6.6
foul 106.4588 7.6351 0.4
foul 109.986 6.9052 -4.1
foul 113.3855 6.304 2.3
foul 106.4212 14.25 2.5
strike 105.423 1.2437 -4.9
strike 103.9864 1.8419 1.3
hit 98.84 10.3884 5.5
hit 112.7871 4.5657 9.5
strike 91.8647 2.5845 -9.5
hit 110.7491 3.7088 -1.6
hit 110.9508 5.2238 0.5
strike 99.4132 4.8526 0
hit 115.9397 10.1436 0.8
strike 115.7197 10.6474 -1.4
strike 115.6806 2.2874 1.8
foul 100.4707 8.9276 6.3
hit 106.6738 5.3781 -1.9
strike 100.869 4.375 -1.6
hit 113.3927 2.7534 -1.7
hit 109.1833 3.0987 3.7
hit 94.7256 13.172 2.4
strike 93.4854 1.5595 2.6
strike 100.0626 4.2256 0.2
strike 95.7213 4.545 1.1
hit 114.8669 4.2965 -1.5
strike 100.6323 0.542 3.3
strike 93.7002 2.2771 1.6
strike 97.3487 9.0627 0.9
foul 112.6882 6.0753 -0.2
hit 114.6606 10.7833 -3.2
foul 104.4101 11.3274 0.9
strike 100.0326 2.3738 -2.7
foul 107.8962 0.7215 4.6
strike 106.7026 10.1959 -2.1
strike 114.3798 8.4631 -0.6
strike 109.3409 12.0576 1.3
strike 92.7645 5.6344 -2.2
foul 98.5067 10.7973 0.8
strike 101.8302 3.6356 -0.4
strike 97.097 7.3109 -2.6
strike 107.3544 0.46 1.4
strike 95.0984 0.1787 0.1
strike 111.7957 14.8727 -2.7
foul 108.252 10.8277 -2
hit 113.7258 3.5074 -5.7
hit 105.0765 3.0568 -3.2
foul 113.7986 1.3977 -4.6
hit 105.3182 3.3422 0.3
hit 113.352 6.6576 -1.9
foul 108.4516 4.7875 -1.4
foul 106.394 5.6681 6.2
hit 107.8494 3.4733 -6.6
strike 97.5458 10.454 3.4
foul 113.998 5.516 7
strike 93.4297 14.6057 -1.4
hit 99.5849 15.0947 -1.1
strike 95.0337 7.3746 -6
foul 102.7039 7.7504 3.6
strike 102.0776 0.7177 1.1
strike 91.6643 4.4903 -0.3
strike 101.9893 4.2793 2.9
strike 105.4016 0.9555 -3.9
hit 110.7406 7.2961 0.6
foul 115.4144 6.1076 -3
strike 98.5703 0.6334 -1.5
foul 115.7304 1.9348 0.9
strike 92.6201 1.3033 -6
foul 96.8477 19.6689 -2
strike 106.2219 0.9249 -0.3
strike 110.1972 6.3271 4.9
hit 106.7033 9.2316 -1.6
strike 92.3817 2.6121 -2.4
strike 98.2163 2.9291 -1.1
hit 113.3001 0.6912 -0.5
foul 117.7623 8.5048 -6.9
strike 114.0458 9.4158 -1.1
foul 117.4684 2.1696 2.8
strike 100.1168 2.6288 -1
strike 104.5219 4.4868 -1.6
strike 102.3036 1.3052 -0.5
hit 108.7688 7.0624 -0.5
strike 97.3692 15.5034 -1.5
strike 99.4665 5.7306 2.6
strike 103.2033 3.7513 -0.4
strike 97.723 3.9788 0
strike 93.6459 8.1513 -1.1
strike 98.08 6.8667 2.5
hit 111.6844 6.3164 1.1
strike 90.2924 4.7212 -2.1
foul 116.3578 9.1821 4.1
strike 94.0299 4.1684 -2.9
strike 91.7093 3.1162 3.7
strike 90.6109 3.4673 -1.9
strike 91.2826 4.8883 -3.2
hit 114.1264 0.3197 -1.2
foul 103.5307 8.1397 -1.9
hit 104.6544 9.8363 -2.9
foul 116.2033 7.8843 -4.7
strike 92.4042 25.0747 0.3
strike 90.2881 10.4383 -3.8
hit 113.1392 2.6474 1.3
foul 105.3009 7.521 4.2
foul 110.2871 14.8243 -3.5
foul 116.3602 12.6449 -0.6
hit 107.7419 0.9778 -4.5
foul 116.7995 16.9258 1.1
foul 115.8905 4.134 3.2
strike 108.5168 10.3867 1.5
strike 91.0271 6.546 0.1
strike 103.679 2.4266 2.2
strike 104.4701 2.4749 -2.6
hit 112.4354 8.5687 -4
hit 114.5414 3.4073 2.5
strike 105.9925 4.1474 2.7
strike 90.5237 15.1349 -6.2
strike 97.7494 5.6682 -2.1
strike 103.3077 4.8364 -0.3
strike 104.2606 2.6279 -0.3
hit 91.4397 17.6835 2.6
hit 107.3893 6.2027 -2.3
strike 94.937 0.4535 5.6
strike 91.6777 1.9146 3.6
hit 111.3996 8.6104 1.2
strike 94.8718 20.1204 0.2
strike 91.6279 8.0836 4.2
foul 111.7342 6.36 -4.2
foul 105.2344 4.4657 0
strike 94.9118 2.2183 -2
foul 115.8275 1.3794 -3.7
hit 114.7248 2.7021 1.6
foul 115.001 13.2845 0.3
strike 110.779 5.0556 0.9
strike 91.6199 8.2612 4.8
strike 106.3691 3.012 -7.9
hit 117.6958 3.3025 -3
strike 94.7493 2.5 3.7
strike 95.3891 8.0317 -0.2
hit 107.9371 3.4034 -2.9
foul 112.3761 9.3861 6.5
hit 106.1614 4.6691 -2.4
strike 98.9243 4.5559 1
foul 107.5034 3.6686 0.8
hit 108.8834 3.4084 -3.9
hit 113.1639 4.2091 2.6
strike 92.3669 1.2072 -3
strike 91.6445 1.2282 -0.8
hit 116.4179 8.4875 1.6
strike 95.8861 2.2507 2.3
strike 91.1704 0.5358 5.9
strike 103.7582 3.5206 -3.7
strike 92.1404 6.7312 -2.8
strike 112.0957 2.5144 4
foul 97.6021 14.825 -2.1
strike 101.597 1.0137 -0.2
foul 115.7812 8.6628 -1.4
foul 110.343 0.6878 3.2
strike 90.5718 0.6227 4.1
strike 90.6708 8.4622 -3.7
strike 97.779 2.3817 3.6
hit 103.0185 8.1264 3
hit 114.3701 2.2427 -1.9
strike 101.939 4.5996 5.6
strike 92.8812 1.3817 -3.9
hit 105.7667 3.9432 0
strike 96.2842 1.1689 -0.1
hit 113.3093 5.2054 -3.8
strike 110.8063 6.8971 1.8
hit 111.2987 6.2183 -3.6
hit 105.8891 16.2858 -4.6
hit 112.1051 4.7719 3.1
foul 103.4597 4.9687 5.4
hit 107.5162 6.5013 0.1
hit 112.1133 2.9036 0.8
foul 113.9534 7.3909 -4.2
strike 106.3307 2.288 0.5
strike 114.8339 6.551 2
strike 104.5778 0.5642 -4.1
strike 109.5022 8.5196 -2
strike 100.5759 3.8902 -4.5
hit 103.6196 4.7075 -2.2
hit 114.5265 15.3291 5.5
hit 111.6806 1.8158 3.5
strike 100.9718 1.7508 -1.1
strike 103.4102 4.0726 -2.3
hit 108.5273 5.0993 -3
hit 107.3029 1.5707 0.7
strike 95.082 8.7555 0.2
strike 93.6537 8.7219 7.4
strike 113.828 9.7082 3.2
strike 97.1743 9.1572 1.5
hit 113.5391 12.5786 4.8
hit 115.6511 6.2451 1.7
strike 104.1112 2.4742 -6.5
hit 107.1294 3.6783 4.1
hit 106.7381 6.6547 4.5
foul 111.3347 3.7103 -0.2
strike 111.4018 13.1427 3.4
strike 102.8757 2.5313 4.4
hit 116.5354 0.9234 -1.2
strike 100.6441 0.2665 4
strike 95.1853 3.431 -1
strike 95.1792 2.6665 4.8
strike 95.5097 4.112 -9.1
strike 103.3906 1.2899 1.8
strike 100.9914 3.5897 1.2
strike 110.5018 4.937 6
strike 97.457 4.3452 -3.4
strike 101.5923 1.6334 1.1
foul 107.8274 4.6281 -2.6
strike 93.0793 5.3822 5.7
strike 98.9066 3.3616 -2.5
strike 94.0851 0.9734 -7.4
foul 117.5955 5.7712 -3.2
strike 104.0893 3.3342 1.3
hit 115.1722 3.7993 -2.4
strike 94.9827 2.595 1.8
foul 111.4864 4.7411 -5.5
foul 106.2108 3.6032 3.4
hit 115.3316 1.5354 -1
foul 112.8062 2.7395 -4.3
foul 103.9527 2.1736 5
strike 95.3437 4.2072 -2.6
strike 100.9001 2.1267 -0.2
foul 111.1982 0.9807 -2.8
strike 94.6381 9.1333 -1
foul 115.9874 1.3528 2.1
hit 97.1868 15.4989 0.4
strike 94.7365 7.5144 2
strike 103.4068 1.4925 -2.6
strike 92.957 4.6154 -2.6
foul 108.0648 12.6737 1.6
strike 96.7554 0.3693 -0.4
strike 99.1741 6.6456 -3.2
foul 111.9454 5.2117 -0.6
strike 97.2626 2.9625 0.1
strike 93.4745 6.979 -2
strike 90.7592 4.3058 -4.4
strike 93.979 0.739 0
strike 91.2546 1.5469 0.5
foul 103.1419 8.4876 3.8
foul 91.1588 19.5687 1
strike 107.6074 2.8852 -2.1
hit 112.3636 7.3719 -3.6
strike 97.7529 3.6695 3.6
strike 98.4886 5.1132 -3.1
strike 93.726 1.2384 2.9
foul 115.2543 6.4728 0
hit 109.7448 1.1997 5.2
strike 94.4943 6.4349 -3.1
hit 105.2177 0.7747 1.6
foul 113.4534 10.6057 1.5
hit 112.1679 13.9947 -0.4
strike 93.0175 5.7401 0.8
strike 109.0154 9.3214 2.5
foul 106.403 2.1751 0.9
foul 111.014 3.8226 -1.5
strike 105.7542 0.5648 1.2
strike 97.3287 9.9921 -2.8
hit 117.0058 1.3055 -1.6
strike 99.0255 2.8719 1.9
strike 98.6152 2.0864 -1.6
strike 100.5701 2.3818 2.1
strike 91.2687 1.4438 -2.4
strike 99.217 1.4274 2.9
hit 114.7534 10.1761 3.7
strike 101.7057 7.1127 1.8
strike 90.9438 5.1645 4.8
foul 105.8275 10.2661 3.2
strike 104.9782 2.9308 6.8
foul 112.8312 0.8907 -0.1
foul 108.3249 1.7901 1
strike 98.2887 5.2378 -1.2
strike 103.5728 11.8983 5
hit 110.1685 3.2203 4.2
foul 106.3803 5.4887 -1.7
hit 113.1298 5.5936 -0.1
hit 109.4783 19.0775 -1.2
strike 104.9055 2.0126 -4.2
hit 99.6704 12.2824 2.8
hit 110.0004 14.6779 0
foul 104.0455 5.8495 1.3
hit 117.5254 4.8219 4.5
hit 107.9594 1.4836 -5.3
foul 112.3395 1.7659 1.6
foul 112.6207 5.792 0.9
strike 101.2721 3.4791 -5.1
strike 104.2698 3.4678 -4.2
hit 96.4157 29.2558 -4.1
foul 114.2944 2.1828 3.7
foul 104.8219 7.5786 -1.9
hit 116.533 3.1809 -0.8
strike 92.3569 0.4285 -1.7
strike 91.8426 0.5977 2.7
hit 107.8901 4.6219 -5.7
strike 100.475 4.5945 -0.2
strike 99.7455 1.876 -2.2
strike 91.9393 3.1892 -3.6
strike 95.1835 4.035 -6.2
strike 97.0892 9.2969 0.2
strike 91.6118 1.8976 0.7
strike 98.3255 2.8316 -0.7
strike 97.906 3.516 -2.5
foul 117.6182 8.0601 3.9
strike 110.1695 5.3188 -1.5
strike 90.9632 9.3025 -1.1
foul 112.0001 1.1475 1.7
strike 110.817 10.0943 -0.9
strike 92.6768 1.8246 3.1
strike 95.1007 9.9476 1
hit 109.6081 2.9341 0.1
foul 113.607 0.8895 0.7
hit 110.3697 3.668 -3.4
strike 92.313 0.4548 2.1
strike 106.3542 2.177 -4.8
hit 115.501 1.5693 -5.4
hit 109.1807 12.7635 3.8
strike 94.2288 7.169 1.8
strike 101.6349 2.4449 2.9
strike 100.6276 1.5496 1.8
hit 110.8652 3.2277 -2.7
hit 92.2115 8.9442 5.5
strike 96.8648 6.4363 3.1
hit 116.6568 7.1428 -2.9
strike 113.5067 6.597 3.8
foul 111.6083 7.9625 2.2
strike 113.6944 6.8109 0.8
hit 105.2967 3.9513 2.3
strike 97.3021 7.0859 -1.9
strike 108.525 6.6185 3.7
strike 99.5278 5.8938 -1.1
foul 115.9073 6.8089 4.7
foul 107.9912 6.0713 3.2
foul 111.6696 0.7255 1
strike 96.8508 6.4634 0.6
strike 115.0943 7.7055 3.1
strike 96.6444 7.6085 1.1
foul 111.2196 28.2515 -0.6
strike 101.2946 0.1937 0
foul 101.5089 7.7909 -2
strike 114.2425 6.1607 -1.1
strike 96.7528 3.9392 0.5
strike 97.5725 4.0624 0
strike 100.0617 0.8775 -1.6
foul 117.0402 5.098 -1
foul 103.8661 7.9765 7.1
strike 92.8619 10.6734 1.8
strike 96.7523 3.6162 3.7
foul 107.72 3.9816 -0.3
hit 106.0907 7.3142 -2.5
strike 90.9061 0.2281 0.2
hit 109.9297 7.9152 -3
strike 100.99 2.9108 1.3
strike 97.1731 6.302 3.1
hit 105.5075 4.3156 -0.1
strike 94.6604 11.7282 -1.1
foul 107.7047 5.4189 -5.8
hit 102.3458 6.2299 1
foul 98.4651 20.8456 6.9
hit 108.7348 5.8926 -1.3
foul 101.2654 33.5527 0.6
foul 101.776 9.9639 2.4
strike 93.7078 2.9742 -2.7
hit 97.7644 11.4231 4.5
hit 115.7169 12.3743 7.4
strike 95.5913 8.654 5
strike 107.1311 8.4925 -0.6
strike 105.5387 1.9693 2.3
strike 95.307 1.9639 3.3
strike 93.1327 3.7269 0.4
hit 106.7548 3.1862 0.3
strike 115.0619 0.731 5.7
strike 97.7574 2.1827 1.2
foul 106.5815 16.4463 3.1
strike 112.1923 4.2797 -2.2
strike 90.836 3.943 -1.7
strike 100.4651 9.1646 5.4
foul 116.1985 7.8282 -5.9
foul 113.3536 11.7338 3.8
strike 90.0572 2.4515 -2
foul 110.7394 0.8063 -0.5
hit 103.1063 9.1869 3.2
strike 94.7278 7.4942 -3.2
strike 93.0888 4.0949 0.7
hit 116.212 3.2244 2.9
strike 98.212 5.4531 0.9
hit 102.0796 8.3671 -5
hit 104.711 4.1027 0
strike 99.1357 3.7081 -4.9
strike 92.6732 2.9144 2.2
strike 95.5699 5.9155 -6
strike 107.8927 0.6133 5.5
foul 108.5338 5.3975 0.9
strike 99.929 1.1095 -2.9
foul 117.4811 2.1274 -6.2
strike 105.2552 0.8348 -4.5
strike 96.6345 0.2664 1.4
hit 111.4351 0.5106 -6.3
foul 113.3968 3.7923 -4.5
foul 104.8545 5.9829 2.9
hit 110.1642 1.5637 -0.1
foul 106.0643 10.7661 -1.5
strike 94.2219 8.5421 -3.8
strike 91.1324 7.2398 -2.1
strike 99.8859 5.0871 -3.4
foul 115.349 8.3468 -1.8
hit 115.3569 7.1485 -0.7
strike 105.9288 6.8997 3.4
strike 90.2708 2.8977 5.2
hit 107.4572 8.7578 1.8
strike 95.4774 5.0997 0.8
hit 110.6961 0.8903 -2
strike 93.4451 3.6967 -3.1
strike 91.0837 2.4302 1.1
hit 100.043 8.2443 2.2
foul 110.5126 4.542 -0.2
strike 93.8286 1.5222 4.1
strike 91.8688 4.8777 5.9
strike 91.8321 4.687 -1.6
strike 97.841 1.0496 6.1
strike 108.2985 1.0078 -1.7
strike 96.4888 5.3389 -1.9
strike 97.3049 18.6982 0.2
hit 107.6913 3.0544 9.8
hit 116.5672 7.4912 3.4
hit 112.3316 4.1312 2.8
strike 104.3677 4.0178 -2.7
strike 93.3306 4.2157 -2.5
strike 98.5899 8.3529 -1.8
strike 97.1312 5.8188 -5.1
strike 91.6359 7.3896 -2.6
hit 114.3253 13.8087 5.6
foul 99.8717 14.3436 -4.5
strike 103.0632 0.9698 -1.2
strike 95.9795 0.6186 -4.6
hit 106.7664 5.1592 -2.2
foul 101.032 10.427 6.7
strike 95.7187 1.2942 2
strike 91.5661 15.4722 1.4
strike 110.9979 1.6765 3.6
hit 112.8849 4.3922 -2.7
strike 111.4552 3.7088 1
strike 92.3599 1.9437 -2.7
foul 108.1804 13.4554 -0.5
foul 114.3362 0.1423 0.7
strike 95.262 7.214 -0.4
hit 112.1634 15.8604 0.5
strike 93.5994 7.2637 -0.9
strike 93.6282 5.9345 1.3
hit 107.7359 4.8401 -0.9
strike 93.4416 3.5888 -5.2
strike 97.175 8.8359 -2.8
strike 106.5613 3.3354 2.9
foul 112.2384 4.5791 2.3
strike 103.5434 3.0519 1.5
foul 117.6326 4.3529 -2.5
strike 101.6381 0.3267 -1.8
strike 98.3035 0.563 -1.7
hit 110.4179 2.2419 4.4
hit 114.3163 3.574 -2.5
strike 90.613 8.9205 -2.8
hit 109.7699 9.1088 6.1
strike 91.2517 6.167 1.2
hit 103.0812 10.0986 -5.9
strike 97.8944 5.8705 -1.7
strike 93.186 0.3713 -2.2
strike 100.7932 0.6139 -0.9
hit 108.6069 2.9948 1.6
strike 91.0716 6.3006 4.2
hit 109.0179 8.2799 0.7
hit 110.9401 14.3896 3.4
strike 102.3148 3.8105 1.9
strike 105.0796 2.0031 1.4
hit 115.3545 1.609 4.1
strike 94.6129 5.7657 0.3
strike 93.9345 8.5821 4.6
foul 96.7141 11.1435 -0.3
strike 103.4766 3.3175 -6.5
hit 109.2099 3.013 1.4
hit 115.4459 3.9377 -4.1
strike 97.5451 9.241 -2.2
foul 106.4024 5.4187 -1
strike 100.8807 11.4716 -1
foul 106.8799 13.9269 2.9
strike 91.2761 3.1549 0.8
strike 104.5062 3.0609 -4.6
strike 97.6571 0.7035 -1.6
foul 106.3887 15.774 2.1
foul 96.8575 11.8587 -0.9
strike 94.5352 12.2013 1.3
strike 96.5757 2.7494 -1
hit 103.7407 12.6078 -4.4
hit 94.1858 8.6515 4.5
hit 95.4261 15.2826 -3.1
hit 114.9499 6.0113 0.8
foul 113.3425 1.4309 -2.6
strike 101.1046 3.1813 -1.8
foul 107.9766 13.8079 2
strike 107.859 1.5605 0.1
hit 109.9528 3.0298 -1.2
strike 96.863 3.7044 1.5
hit 110.6064 0.324 5.7
strike 90.2039 7.1637 5.5
hit 115.5427 3.4504 -1.4
strike 98.8628 6.6887 2.9
hit 115.0972 3.1735 2.5
hit 117.7514 7.9113 -5.2
strike 91.5324 1.4107 -2.9
strike 93.8277 6.9267 -1.2
foul 115.2622 9.9855 0.1
strike 92.6447 7.2336 -3.8
strike 93.1712 6.6024 -4.3
hit 104.9383 19.2863 4.9
hit 114.6328 1.2187 -0.2
hit 117.9162 1.5277 -2
strike 96.0687 16.3544 -2.6
hit 103.1431 9.9065 -0.1
strike 109.5072 6.9318 -0.1
foul 113.0036 0.436 -3.3
strike 90.0668 4.4824 -0.2
foul 108.39 7.3587 3.8
hit 115.1112 20.1296 -5.3
strike 93.192 10.636 1.1
hit 113.2039 0.0681 -0.5
hit 114.5352 0.5932 0.5
strike 108.6745 1.3281 0.1
strike 96.8271 2.2565 1.9
strike 97.9966 2.6762 0.5
strike 95.1433 0.7435 -1.2
strike 112.508 6.4191 -0.5
foul 114.391 10.2314 0.8
strike 102.1878 3.4523 2.7
strike 101.5985 2.2211 0.8
hit 105.4164 13.3096 -0.7
strike 114.8766 3.9061 2.1
foul 102.1707 7.2114 4.4
strike 90.0069 15.0393 -1.6
strike 91.0946 4.9659 -0.8
strike 98.1128 4.8013 -2.2
strike 99.0803 5.2025 2.9
foul 115.3877 10.375 3.9
strike 98.5055 3.5687 -1.6
foul 96.0191 25.4613 2.4
hit 114.2138 3.8252 -3.1
foul 96.2504 23.5309 -3.2
strike 98.6677 0.998 -2.1
foul 111.8858 1.4521 3.6
strike 106.0402 1.1225 -0.8
strike 92.0369 1.1288 -1.1
strike 98.9004 1.0584 -1.6
hit 107.2118 4.0402 -4.2
hit 102.0355 6.3865 1.5
strike 104.005 5.6646 -1.2
strike 104.2363 1.2668 -6.1
strike 99.1727 4.0994 6.7
foul 112.7639 6.0336 2
strike 94.1418 6.6316 3
strike 93.3568 17.4759 4.8
strike 97.2523 5.7989 -0.2
strike 101.7337 6.2439 -1.4
hit 114.7929 0.8449 1.2
strike 101.7851 5.539 6.2
strike 104.8885 0.5798 -3.9
foul 106.2341 4.5 2.6
strike 91.1988 4.5516 1.3
strike 92.6488 5.1565 0.8
foul 110.5243 0.4647 -1.4
strike 105.0567 15.2017 -0.1
foul 111.1276 3.3457 -0.8
strike 111.7654 6.5794 1.7
strike 94.2769 4.0869 -5.9
strike 93.3803 2.2472 4.8
strike 101.1691 8.4409 6.5
strike 100.8497 0.7365 0
foul 115.888 14.382 1.2
strike 94.5545 16.0877 0.6
hit 117.8274 5.1541 0.2
strike 114.3391 0.3321 2.9
hit 104.8775 9.8251 -6.8
strike 99.5085 7.5803 -2
foul 96.6848 12.8828 -7
foul 109.3392 11.2031 -7
foul 104.1291 4.8351 4.3
strike 96.4534 3.4344 -9.4
hit 110.384 0.799 1.2
strike 91.8596 3.9997 2.4
strike 101.3159 5.5147 3.5
strike 105.4608 16.4783 4.6
hit 97.7812 9.8209 -2.6
strike 102.4318 4.9577 -0.6
strike 96.4763 3.0533 4.8
strike 90.8579 4.1465 1.8
strike 93.4019 0.5085 -0.7
hit 98.758 21.3559 0.7
strike 94.1059 1.7597 -1.6
hit 105.0003 1.9434 4.3
foul 111.2991 3.0816 4
hit 103.6817 4.887 -2
foul 113.1349 3.3934 0.5
strike 94.412 7.5178 -1.6
hit 108.5203 1.947 4.4
hit 108.3776 1.2436 -1.5
strike 106.8932 1.5488 -2.1
strike 104.3058 1.714 -1.9
hit 113.344 1.5664 2.2
foul 110.3098 15.7734 2.9
hit 108.4136 1.3701 -1.7
foul 116.2788 1.4321 0.2
hit 98.618 7.0908 1.6
strike 106.1953 10.7419 -1.7
strike 99.261 2.189 6.6
foul 115.9309 24.2264 1.6
strike 102.5713 1.1458 1.5
hit 115.7 7.3839 0.5
strike 95.8323 3.8597 -2.1
hit 111.2817 4.3979 -0.5
hit 102.1144 9.0146 0.5
strike 92.8253 3.3833 -1.3
strike 94.5293 13.341 1.1
strike 93.9543 8.5439 0.6
hit 114.6964 4.536 -0.8
hit 103.9786 6.2744 -0.5
hit 113.8945 9.024 1.9
strike 107.7301 3.6298 2.1
hit 107.361 3.4908 -0.7
hit 114.4988 7.7112 -3.6
strike 109.8831 18.489 -1.6
strike 94.8257 3.4792 -3.3
strike 115.9879 3.5023 4.8
strike 96.7793 0.4062 2.7
hit 108.4755 11.2321 1.6
strike 91.0152 3.4172 1.1
hit 111.6833 6.6292 -5.6
hit 114.1463 10.1019 1.2
strike 97.172 3.9089 -2.1
foul 111.4394 2.8135 0
strike 100.599 8.8268 0.2
strike 91.5243 7.5187 0.6
strike 117.7142 2.5963 2.2
strike 95.7608 1.4346 -3.5
strike 110.3458 12.3505 -2.4
strike 96.3022 5.3929 -0.6
strike 98.9104 7.4651 2.9
strike 101.9819 3.6493 -4.6
strike 92.6029 3.0012 -1.9
foul 117.9736 2.0646 -4.2
strike 102.8512 6.6961 2.6
strike 90.3987 2.4083 -0.8
foul 105.1416 8.7639 -4.7
foul 97.0484 13.5394 1.7
strike 93.275 1.3353 0.3
hit 101.0403 6.4109 -4.4
strike 107.1299 1.2396 -2.9
hit 91.0944 13.8242 7.1
strike 95.2382 1.6359 0.8
foul 113.7484 11.7564 1
strike 93.0645 8.1949 1.6
strike 98.1557 8.3246 -2.1
strike 99.8589 1.1892 -2.9
foul 111.4151 2.9707 -2.1
foul 116.5708 0.4324 -1.5
strike 90.8341 0.1445 -4.1
strike 92.9189 6.0925 -2.1
strike 96.4 1.8667 -0.7
strike 95.6054 6.8195 4
foul 101.828 9.0912 1.1
strike 91.8123 4.9582 -2.7
hit 105.0296 28.3883 2.8
strike 101.5938 2.8702 -6.7
strike 93.7046 5.1124 -0.4
hit 106.6088 5.6489 2.2
hit 107.9891 1.8739 -0.7
hit 110.1496 3.0775 -2.9
strike 93.5898 3.3537 0
foul 112.1849 17.9587 -3.1
foul 110.8615 7.228 -1.1
foul 116.879 0.827 -1.6
strike 112.0041 5.2009 1.3
strike 107.8323 1.087 -5.4
strike 100.0862 5.3489 0.4
strike 96.2111 1.0488 -4.7
hit 101.5668 7.1078 0.3
foul 113.8105 1.1303 -1.1
strike 91.8097 1.3478 5.9
strike 92.3635 3.1126 4.2
strike 90.8411 3.8961 5.2
strike 102.8687 1.4642 -0.7
hit 109.7973 10.1774 -1.5
strike 92.4946 0.1526 -3.7
hit 100.8271 11.115 5.6
strike 99.9045 2.8954 -4.7
hit 112.651 15.34 0.4
hit 101.7612 14.3542 -1.1
strike 93.5895 5.1089 3.3
hit 112.4112 4.4071 0.9
strike 106.0132 8.5359 2.1
foul 107.0432 3.1291 2
strike 92.6593 3.619 -2.4
foul 90.3361 16.835 -5.2
strike 114.348 8.3083 -0.3
strike 94.049 8.2141 -4.1
foul 113.4653 1.2778 -3
strike 116.7244 5.7158 3.8
foul 113.8291 2.7907 -4.4
strike 95.7997 0.8233 -2
foul 102.2085 9.0193 1.3
strike 109.5299 11.2793 -1.5
strike 93.6021 4.8045 2.2
hit 101.4314 8.7923 0.4
strike 92.7928 5.0436 -1.3
foul 111.4984 2.4711 1.7
strike 101.06 1.9352 2.2
foul 109.5859 8.7698 -0.1
strike 99.871 4.4086 3
strike 105.4759 17.5093 -1.7
hit 113.1601 1.1985 -0.8
strike 98.1738 7.4735 -3.4
strike 101.8724 3.1641 2.3
strike 116.3398 18.5674 -4.5
hit 100.3807 10.8092 -0.8
foul 113.1382 3.0871 2
foul 114.99 8.4576 0.8
strike 90.6781 10.5458 -0.3
foul 111.2451 8.0716 -2.1
strike 92.5817 5.3945 1.6
hit 107.9639 3.4777 -0.7
foul 106.582 5.2112 2.5
hit 115.4207 4.6891 -2.5
strike 105.1923 3.0254 3.4
strike 94.0864 5.1724 3.3
strike 101.236 4.0424 -8.2
strike 100.1221 1.0649 5.2
strike 100.15 9.9551 1.8
strike 95.9525 0.5586 -6
foul 101.6466 6.67 -2.8
strike 110.7435 5.4676 0.7
strike 93.3087 3.5585 -8.5
hit 111.6871 20.1736 0.9
strike 93.9144 2.9767 1.3
strike 104.307 5.6802 5.4
foul 104.6713 6.617 -0.1
strike 104.6447 3.6089 -0.7
foul 103.9696 7.5396 4.7
foul 110.2189 2.6996 -0.7
foul 110.9604 0.2369 0
foul 108.5295 6.8119 1.3
foul 111.5593 3.5888 -5.4
hit 108.2423 4.8834 0
hit 116.9986 1.7426 -0.9
strike 103.9569 1.2992 -1.8
foul 115.7548 14.0088 1.9
foul 111.3202 1.2368 1.9
foul 107.7225 5.1787 1.3
strike 96.2861 11.302 2.8
strike 103.9502 3.8579 0.7
strike 100.0806 2.9666 0.7
strike 106.2655 1.3121 0.6
strike 116.9657 11.5476 -2.8
strike 93.2165 1.7509 -0.8
strike 96.1802 9.9419 6.8
strike 107.055 8.7203 -0.8
foul 113.8249 6.178 -5.7
foul 113.8682 21.4739 -3.3
hit 105.4596 2.4037 3.4
foul 117.2233 3.3109 -5
hit 112.247 5.0861 5.2
strike 92.2428 4.6253 4.4
foul 111.2326 2.2649 2.2
hit 107.6362 15.2973 0.6
strike 108.7991 4.0889 3.7
strike 117.2805 8.7876 -4.3
strike 106.5833 8.2318 1.5
foul 114.2714 4.6253 -3
strike 91.079 5.8391 -3.6
strike 93.4684 18.7474 -0.6
foul 104.8269 5.3418 1.2
strike 95.7111 1.1426 -2.1
strike 100.1051 2.4128 5.1
strike 104.6345 0.876 1
strike 116.9616 4.0845 4.2
strike 103.4704 3.9502 0.8
strike 98.0307 12.4783 -1.7
strike 93.7581 5.7455 -2.1
strike 115.3726 3.8558 4.7
hit 109.1791 3.1559 -3.3
hit 114.5959 1.1405 5.7
foul 99.1649 8.3193 2.5
strike 105.6916 17.8454 3.9
hit 117.9255 1.8534 -3.3
foul 113.8496 2.5197 2.9
strike 111.6398 1.6648 2
hit 111.5973 0.772 -4.3
foul 116.4827 5.4282 -4
foul 110.084 4.3048 -0.3
hit 107.7183 7.1986 -1.3
strike 97.3195 0.4187 2.3
strike 96.0736 2.3292 -1.5
strike 104.1816 12.8902 0.3
strike 94.4472 5.3921 1.7
strike 99.9419 4.1615 -2.7
strike 90.4855 2.4276 -6.8
hit 113.2105 1.6498 1.6
strike 95.6017 2.8528 2.7
strike 93.0872 0.8392 -0.2
foul 105.4939 5.037 0.6
strike 95.1339 3.5185 3.6
strike 110.0163 3.1981 1.5
hit 116.2105 1.1928 -0.3
strike 101.3904 3.9957 -3.8
strike 102.6504 1.7354 0.5
foul 113.9997 16.3094 0.5
strike 109.5998 5.2865 5.3
strike 108.5705 5.1898 -2.1
strike 92.3017 2.166 2.9
strike 101.0752 0.7855 4
foul 111.2089 3.0061 8.8
strike 105.2957 4.6422 1.5
strike 105.8203 10.4592 2.8
strike 92.3994 4.3174 2.3
foul 94.7129 22.9412 2.9
strike 102.7648 1.2758 2.6
strike 92.0162 3.6148 1.2
hit 108.9233 4.0291 0.2
strike 102.5684 1.448 -6.2
strike 96.3233 4.7857 -2.9
foul 114.0342 1.5344 6.6
foul 106.9272 7.4313 -0.8
strike 101.5583 4.5353 0.6
foul 94.3666 21.8009 -0.3
strike 93.8319 1.1547 -3
hit 115.0129 6.6515 5.2
hit 113.4411 2.603 -5.6
strike 108.7152 0.3633 0.5
hit 104.7695 5.5966 -2.5
hit 114.2139 0.7336 -0.7
hit 109.6329 3.294 -2.7
strike 96.184 0.6391 -0.7
hit 116.3462 2.7395 2.8
strike 99.9109 1.8693 -2.7
strike 101.5681 16.5172 8.6
foul 113.9975 3.234 -3.8
foul 115.0202 4.9969 -1.1
strike 101.9713 5.7179 -2.3
foul 104.6803 11.0768 -3.9
strike 101.3034 1.4939 1.9
foul 104.4007 15.7888 -2.4
strike 93.4552 11.4167 -1.5
strike 95.7658 0.6475 2.1
strike 117.5885 3.4487 2.1
foul 106.412 3.901 3.1
foul 111.4286 5.4924 1.2
strike 98.6354 2.8995 1.8
foul 115.7793 10.7026 0
foul 113.3261 0.0633 0.8
strike 97.0959 4.6126 2.2
foul 112.4014 18.6709 -1.5
strike 98.6178 3.392 -4.7
strike 103.4863 5.0785 -3.2
foul 115.1677 11.3359 -1.5
strike 105.483 1.9437 3.8
hit 105.1999 6.3031 6.9
hit 108.151 2.0385 -5.3
foul 116.6729 4.8689 -3.2
strike 91.162 10.1479 -0.6
strike 90.0917 6.258 -3.1
strike 95.4394 3.9892 -3.4
hit 113.5432 2.7481 -3.5
strike 99.3026 2.228 3.1
hit 114.1841 5.5992 1
hit 103.0474 8.5399 -1.2
strike 106.2882 1.1123 -1
hit 112.3234 4.6938 -1
strike 91.1067 0.2367 -4.3
strike 106.8862 4.4282 -1.4
strike 94.496 8.2351 5.5
foul 114.0155 5.6142 0.9
strike 96.664 8.2738 -2.9
hit 115.3032 6.4346 -4.6
foul 115.2774 5.9849 -3.9
hit 114.5773 3.1625 2.6
strike 96.8239 5.7969 3.3
strike 117.2573 5.7074 -0.9
strike 101.9795 12.5261 -1.7
foul 103.8987 11.041 0.4
strike 92.1239 1.3231 1
hit 109.8965 2.2703 -6
strike 105.4412 1.7831 0.5
hit 109.462 6.3877 -2.9
foul 117.2253 2.4948 4.2
strike 106.7073 17.6128 1.1
hit 109.2219 1.1404 -0.6
strike 94.3519 3.2729 -2
foul 117.2981 4.6104 -1
strike 98.4371 4.4926 -0.6
strike 106.3568 1.9135 0.5
hit 105.6858 9.6877 1.1
strike 90.9822 2.328 -4
strike 100.8848 6.6407 2.8
foul 111.4482 6.9665 -1.4
hit 97.285 8.7793 6.5
strike 98.0633 15.0473 1.4
strike 102.7284 4.1689 1.1
hit 108.3834 2.795 4.4
hit 110.9447 2.3132 -0.6
strike 94.3177 2.9408 4.3
strike 92.5314 4.2167 -1.5
strike 107.9764 6.8211 -1.9
strike 116.6337 3.0461 2.7
strike 92.5786 4.348 0.6
strike 94.0108 5.3245 0.6
strike 97.0304 5.4491 3.9
hit 109.3439 1.4033 -2.2
strike 90.7864 4.726 -2.7
strike 92.7329 12.0421 1.1
strike 104.1203 2.6064 -2.2
strike 101.8158 0.929 -3.2
strike 96.4031 7.4272 3.3
hit 117.5409 2.5612 0
hit 108.2365 2.2266 0.7
strike 100.5175 0.3494 -0.8
hit 93.5679 14.9245 -2.4
strike 90.6986 10.5068 1.8
hit 116.7079 4.1268 -2.5
hit 115.9038 6.2955 1
strike 99.5973 3.9227 -2.9
strike 98.8656 3.4259 2.1
hit 109.7975 10.7598 -0.3
foul 113.8365 1.3434 2
strike 100.2372 5.5979 3.6
strike 97.3234 1.6872 2.8
strike 101.7447 2.5442 -3.2
strike 101.0347 2.9253 1.2
hit 100.7263 18.4774 -4.2
strike 104.5239 0.1151 -1.1
strike 108.7881 1.3142 4.4
strike 95.5353 11.2984 -2.4
strike 99.1086 2.2884 -1.1
strike 99.2128 3.1666 1.8
strike 99.9608 0.8002 1.9
hit 102.9068 6.745 -3.6
foul 110.2928 1.5542 0.9
strike 100.7815 13.6836 1
strike 93.7053 2.5157 3.1
strike 102.3087 1.9927 2.5
foul 105.1784 7.4362 -3
strike 98.7567 0.408 2.5
strike 92.584 8.9986 -0.4
strike 90.0623 11.8441 -5
strike 97.4296 5.0759 0.6
foul 117.8148 3.2164 3.6
foul 110.4428 8.711 0.7
strike 103.6019 4.6958 -6
strike 105.7685 6.7418 -1.3
hit 112.1293 4.0131 -3
strike 103.6497 2.5314 0.3
hit 108.9618 6.8885 -3.9
strike 112.4401 5.1123 2.2
hit 117.0378 2.2542 0.3
strike 114.3124 19.7903 -1.5
strike 96.5261 9.3022 -6.1
strike 93.6799 0.4505 -0.6
strike 103.8322 1.2221 2.8
hit 109.9543 0.5697 0.3
foul 114.147 8.2573 2.3
hit 112.8893 12.8933 1.5
hit 110.8132 2.8661 1
strike 97.4543 7.9707 0.5
hit 105.9069 3.4788 2.9
strike 112.2609 5.8197 3.5
hit 106.8311 3.4486 -5.9
strike 100.3008 4.6904 -2.8
strike 95.8686 4.417 6
foul 104.0625 8.9557 3.6
foul 108.8613 7.4004 -3.1
strike 116.9072 4.9533 1.9
strike 106.2485 7.1581 1.8
hit 100.9814 9.9903 -1.9
strike 114.9898 2.7954 3.6
strike 104.5357 1.366 -2.5
hit 93.802 16.5591 1.8
strike 98.1696 16.478 4.8
foul 96.4228 23.1757 -3
strike 103.384 5.6012 -0.5
hit 114.4069 10.9152 -3.4
strike 97.4712 1.2112 1.5
strike 103.0992 0.5769 -1.2
foul 117.5385 4.1525 0.5
strike 92.9372 3.4058 -1.9
foul 117.8504 26.1354 -0.2
strike 115.6505 3.513 3.1
foul 108.5511 6.3147 0.4
strike 98.5545 3.7513 -2.7
strike 95.6726 14.165 1.8
foul 99.6439 4.5989 6.7
strike 91.1737 3.4821 -2
foul 116.4807 9.5627 -0.1
strike 93.1904 2.2592 -0.1
foul 114.5293 2.0601 -0.5
strike 111.7733 3.2999 1.4
strike 100.0844 5.1399 1.9
hit 112.3287 5.5495 0.5
strike 117.7663 4.957 0.7
strike 91.6822 5.031 -0.2
foul 112.7625 7.1483 4.9
strike 91.0102 13.9284 -2.6
strike 95.6641 1.6542 -0.1
strike 93.2465 1.0093 -4.8
strike 92.8119 6.8741 2.3
hit 108.4434 10.7069 3.4
foul 102.0151 5.4745 -1.2
strike 106.6964 0.1135 1.4
hit 97.139 12.6243 2.8
strike 99.3604 7.5739 -2.5
strike 116.6882 0.7641 1.5
strike 93.0174 0.2526 1.6
hit 111.5619 8.8138 -2.6
strike 93.0588 9.1144 -5.2
hit 106.7947 1.7136 1.6
hit 116.2486 3.642 -4.3
foul 114.1305 2.0484 0.6
strike 105.612 7.7818 -2.6
hit 112.4823 17.1957 0.5
hit 113.5549 3.2926 -2.5
strike 103.8271 1.8321 -2.9
foul 109.8398 18.3258 0.8
strike 109.1745 2.6594 0.6
hit 114.9554 3.0299 1.4
strike 92.2263 4.4078 -1.3
hit 117.2367 2.6625 1.9
strike 94.942 4.0659 -3.3
strike 94.241 2.4638 -2.6
strike 92.9327 7.6076 -1
strike 92.6013 5.0377 -1.1
strike 94.5515 2.6963 -1.6
strike 92.6364 7.4503 2.3
foul 111.9884 4.0255 -1.4
foul 115.5732 8.9459 -7.2
foul 115.8705 4.5766 -2.2
strike 117.364 0.7793 3.4
strike 96.9896 2.8721 5.8
strike 106.1991 2.1751 0.1
hit 111.9063 4.3938 -0.5
strike 92.5804 3.3173 1.6
foul 113.8088 4.9263 -1.9
foul 110.9625 4.2334 -0.4
strike 93.3313 5.4301 -1.1
strike 116.3553 2.5622 0.6
strike 100.451 4.3358 0.7
foul 116.7287 0.8866 -0.6
hit 106.4224 13.6532 -5.5
strike 107.5212 0.3867 0.8
strike 100.5531 0.6508 -1.6
strike 92.0645 7.8819 3.3
hit 112.9897 13.1465 4.5
strike 93.6513 4.1156 -2
strike 98.3366 6.7367 2.4
foul 116.8222 5.6036 0.8
hit 105.7806 4.5596 -3.7
foul 110.9272 8.6298 2.1
hit 116.0121 3.4722 -2.5
hit 116.3276 1.4921 2.2
strike 93.0982 2.4944 2.2
foul 96.2474 18.5479 1.8
hit 117.0391 5.821 -2.5
hit 98.8816 15.9054 -2.6
strike 94.4247 1.1737 0.5
strike 114.4598 19.8103 -2.8
foul 108.3116 1.5922 1.5
strike 92.6087 9.9581 -4.6
strike 95.2428 8.9111 -1.1
hit 112.2662 21.9135 -3.9
strike 96.9158 5.3161 2.6
foul 111.2037 17.6918 3.5
strike 101.4008 7.6607 0.5
strike 91.2578 7.3495 -3.3
strike 97.3657 4.9407 -1
strike 96.869 3.2953 -0.7
strike 99.007 7.6188 -0.1
strike 91.5844 1.1978 1.5
strike 98.6043 2.8761 2.7
strike 96.3831 4.5304 1.1
strike 98.9494 2.6644 -1.3
hit 112.8044 4.3886 -5.3
hit 102.2731 10.8513 -0.8
strike 95.8526 3.3566 -4.1
strike 97.7427 2.9014 0
strike 107.6855 9.6065 2.9
strike 92.6374 7.3032 -1.9
hit 114.2037 9.1643 1.2
hit 116.4466 17.9644 3
strike 91.4376 3.204 -3.5
foul 100.2956 12.7016 1
strike 91.9975 3.3425 4.3
foul 117.9549 9.5136 -1.5
strike 90.52 5.3537 -1
foul 116.1563 11.4455 1.5
hit 105.688 7.0027 5.9
hit 111.7747 2.2256 -2.4
foul 112.3018 0.8741 0.2
hit 116.3929 6.0244 -0.8
strike 102.9035 4.9869 1.1
strike 93.9555 0.6756 -1.8
strike 102.0857 2.4847 -1.8
strike 90.1837 1.2987 -2.6
foul 117.4382 0.3531 -1.1
foul 106.4052 3.1102 4.8
foul 114.9172 10.2312 -5.4
hit 106.4596 1.8548 2.5
hit 115.6704 1.5157 -0.2
strike 96.7426 1.0748 -0.1
hit 102.0975 9.9011 4.9
foul 112.2882 1.661 0.4
strike 98.3809 1.8553 0.7
hit 116.7159 0.717 3.6
hit 109.7677 11.7025 -3.4
hit 111.9733 18.0163 -1.8
strike 96.0709 4.041 3.1
strike 108.3975 13.5585 -1.1
foul 111.9786 9.9579 3.8
strike 107.3962 2.747 5.1
hit 103.253 8.5824 -2.6
foul 107.4601 17.4884 3.2
strike 91.2373 6.917 -4.1
strike 94.2037 0.0462 -1.4
foul 110.8128 5.3377 -0.1
hit 103.5343 9.9013 -4.9
hit 111.4338 5.2397 -6.4
foul 116.2516 2.3766 1.5
hit 115.5926 14.8331 3.2
foul 117.887 3.7112 1.8
foul 108.508 10.998 -6.9
strike 103.42 12.7022 1.6
strike 97.8747 3.5257 -2.8
hit 116.1877 3.591 0.5
foul 117.9523 5.7278 -0.5
hit 109.221 5.796 -3.2
strike 105.1144 12.4551 0.8
hit 103.4838 5.4123 6.6
hit 101.6299 6.1332 4.7
strike 90.2922 4.6898 3.9
hit 107.9627 11.7852 2.8
hit 114.7731 4.0455 0.9
strike 105.0793 4.2564 -0.5
hit 110.1066 7.0342 -1.2
strike 92.9752 3.2883 0.8
strike 100.254 0.8869 1.9
strike 101.3554 1.4818 1.6
hit 108.6329 2.0744 -3.6
strike 95.4917 1.1352 -1.6
strike 115.8929 5.2456 0.7
hit 104.2842 12.9061 -0.5
strike 98.3371 8.2206 8
strike 91.8913 12.6479 -1.9
hit 112.5639 2.1757 0
hit 112.1492 2.9266 4.8
strike 96.2168 5.8874 1.1
strike 99.4844 4.5655 1.5
strike 94.4926 1.3059 -0.8
strike 102.9729 3.3739 4.1
strike 92.0969 1.9288 -2.2
hit 111.7326 8.0774 -3.1
foul 116.5602 2.8568 -3.8
strike 98.0684 0.9886 -0.8
strike 108.214 1.9259 5.1
foul 104.5565 9.7131 -0.5
strike 94.1091 7.8402 -2.3
hit 102.9808 19.4747 2.5
hit 108.4398 7.784 2.8
hit 110.7326 11.2822 -0.8
hit 101.9857 8.451 -2.3
foul 113.0286 17.9689 -2.5
strike 110.2629 3.2355 1.6
hit 103.1404 4.442 -0.8
hit 114.4951 3.7862 1.1
strike 101.6 1.3852 2.1
strike 101.2661 4.7746 1.1
strike 98.0437 1.0975 1.3
hit 111.2633 1.9784 -0.6
foul 106.9708 10.1538 1.4
strike 114.4795 5.593 4.9
foul 116.7471 6.4733 -1.6
strike 101.8526 0.7052 4.4
strike 102.8465 7.1617 -1.5
strike 92.1518 1.2595 2.3
strike 100.896 5.4176 1.1
hit 113.5964 0.9508 -2.9
strike 98.661 3.8254 -2.7
strike 97.1154 11.583 3.8
strike 95.4783 10.346 -2.7
foul 103.0757 3.9654 1.3
strike 91.2005 4.8383 -0.9
strike 99.8286 4.0092 -3.1
foul 117.0909 4.2367 2.6
foul 113.7363 1.1995 0.4
foul 116.826 2.534 -4.6
strike 95.9792 2.2203 1.2
hit 111.7079 4.8396 2.1
strike 117.1462 0.2171 1
hit 106.0773 3.8933 -2.6
strike 95.4261 1.279 2.2
strike 104.4812 4.0838 2.9
strike 103.9672 12.7732 2.6
strike 95.0149 3.0546 -0.9
foul 115.2166 0.5109 -3.1
strike 92.967 4.2302 3.9
hit 101.9523 11.2719 3.7
foul 115.9138 5.0754 -4.7
hit 116.5966 2.009 -1.3
strike 97.0627 6.2351 -1.5
strike 93.015 4.7415 -3.8
hit 110.2161 9.2261 1.2
strike 110.3584 11.1742 1.8
foul 105.976 4.858 -2.2
strike 98.2267 3.496 0.5
hit 109.8589 24.5301 5.9
strike 93.9454 6.915 2.2
strike 94.0193 9.1137 -0.6
hit 99.7505 15.0921 2.3
hit 103.0052 7.5301 -3.6
hit 101.2664 8.4395 -0.8
strike 101.9478 0.216 1.2
foul 115.6591 3.3608 -1.9
hit 109.4868 3.5813 2.2
hit 102.3624 7.0587 -3
strike 115.5616 3.1479 1.7
hit 111.5919 2.8987 -6.8
strike 102.2156 3.2966 1.7
foul 108.353 7.6631 -1.7
strike 102.8979 4.1562 -3.8
strike 106.9019 11.2075 -1.6
hit 106.2455 4.9087 -0.1
strike 99.2119 3.352 1.8
strike 96.0091 5.2983 3.4
strike 116.3055 1.3862 4.9
hit 115.1397 2.6254 -2.2
strike 98.9943 7.4634 -6
strike 100.0544 0.3658 -4.4
strike 92.8655 6.7763 -3.5
foul 113.0575 2.4293 -1.1
strike 111.6783 1.0186 0.6
hit 114.9268 1.8738 0.9
strike 100.2183 6.2718 -3.9
hit 115.2701 4.5271 -3.5
strike 104.1747 0.3861 2.6
strike 98.9717 1.0365 1.8
hit 110.0172 12.149 -3.7
strike 101.6079 5.8599 -3.2
strike 100.1955 1.1366 -0.9
strike 90.9149 0.6896 2.3
strike 111.3158 23.7559 -0.6
foul 110.2885 2.9701 1.4
hit 112.9172 2.4536 -2.8
foul 94.8075 18.8392 1.2
strike 91.9792 5.598 -0.9
strike 90.2539 8.8329 4.5
strike 101.6258 0.4686 -1.3
foul 94.4008 14.6393 -1.4
strike 93.1447 3.1482 -4.1
strike 117.2646 4.5662 -1.5
strike 95.3697 2.8913 -3.1
strike 91.4228 7.0802 2.6
strike 90.005 11.694 -9.2
hit 110.7688 2.2343 2.6
strike 108.6049 6.1876 1.3
hit 104.3869 7.8205 1.8
foul 110.4867 2.7451 -2.7
strike 106.339 1.2183 -3.8
strike 97.6393 1.513 2.1
foul 109.6467 1.1289 2.3
strike 97.7814 7.8961 -2.2
strike 101.0545 1.5737 1.2
strike 114.0216 14.2981 2.3
strike 95.2219 3.303 5.6
strike 102.9422 10.1384 0.1
hit 117.3168 9.0508 -3.6
hit 108.8661 4.1821 -3.1
foul 115.5049 4.607 0.8
strike 103.6551 1.5237 1.8
strike 96.6116 8.1504 -2.6
strike 99.105 4.4774 -2.4
strike 114.4519 2.3318 -1.4
hit 117.092 11.4248 0.8
strike 113.3876 22.1563 5.7
strike 92.3517 3.1894 -3.2
strike 106.7396 4.6206 -4
strike 100.8345 2.5629 6.3
strike 99.0282 5.5055 1.8
foul 105.3521 5.5079 2.7
strike 107.7769 16.2479 -3.3
hit 106.1888 6.601 -1.2
strike 94.0628 1.335 2.8
strike 101.5087 12.6179 1.1
strike 106.7576 1.5538 2.2
strike 95.1561 8.0925 -4.2
hit 95.4119 13.1676 1.2
strike 105.1321 1.1415 5.6
strike 94.3287 6.4867 4.1
foul 105.535 4.9828 0.1
foul 109.2939 8.0252 2.4
strike 105.8618 13.5032 -0.7
strike 102.9071 2.028 0.3
strike 91.576 3.9174 2.9
strike 92.4267 0.5825 -8.6
strike 110.9793 9.234 -1
hit 107.5671 1.278 -0.5
strike 95.902 0.7503 0.8
strike 93.224 3.1291 4.5
strike 98.0312 10.603 -3.3
hit 104.2907 4.8492 0.2
strike 102.6453 5.0486 -6.5
strike 104.333 3.1201 -0.7
strike 97.4863 9.1833 -2.1
hit 115.8638 1.015 -2.1
hit 117.2409 3.723 -3.9
foul 112.0537 2.0681 1.4
strike 102.1742 3.8837 -1.5
strike 90.8395 10.0385 -1.1
strike 107.1116 9.8207 -0.2
hit 102.9003 7.0941 1.6
strike 94.6912 0.9553 -7.9
foul 109.5122 2.7997 -3.3
strike 102.1467 1.5053 -1.4
foul 113.9327 3.4184 -5.4
foul 116.2896 6.4262 0.9
hit 112.4619 8.6916 -1.7
foul 111.7426 9.7797 -8
hit 116.0775 1.9348 3.7
strike 106.8159 4.2088 -5
hit 98.7959 11.9572 1.2
foul 114.2524 8.1165 3.1
hit 110.4769 7.5427 2.6
strike 109.9313 4.0162 -0.8
strike 113.0828 5.071 2.8
strike 90.8546 10.6061 2.3
strike 95.7815 7.6266 -1.6
strike 104.0148 4.9706 -5
strike 96.4612 2.8538 -2.2
strike 94.3417 7.3201 -0.3
strike 97.8131 1.5754 -0.2
strike 102.8803 4.3206 0.5
strike 94.8951 4.2496 -0.6
strike 106.4442 0.9992 1.9
hit 117.5031 8.7907 0.9
hit 99.6452 13.6012 6.4
strike 90.38 2.5621 1.2
strike 91.7311 2.6791 1.3
foul 106.3857 9.1412 -0.5
strike 107.131 3.4513 -1.1
foul 113.7037 4.3257 -0.4
strike 92.3713 1.497 4.2
strike 92.8319 6.8428 3.8
strike 113.8095 9.158 -2.1
foul 113.576 23.951 -4
foul 113.7468 3.5352 1.4
hit 116.0879 11.5844 2.9
hit 106.2412 4.213 2.7
strike 101.2594 5.2047 2.6
strike 96.7384 2.7679 -0.5
strike 96.5252 9.6302 0.9
hit 109.7399 1.3328 -1
strike 107.2194 1.6059 0.1
strike 101.2571 3.1542 0.3
foul 96.249 11.0991 0.7
strike 99.4287 3.0713 -4.4
strike 92.8001 6.328 -2.7
strike 95.3843 1.8537 -1.1
foul 117.0542 1.9182 0.8
hit 109.1724 11.6757 -4.1
strike 96.3874 4.3499 -4.1
strike 99.4326 0.4091 -2.3
strike 91.1711 1.6266 0
strike 100.2677 9.9007 -1.3
strike 95.9171 10.136 -1.3
strike 97.2659 5.2735 0.8
strike 95.6102 6.8571 -3.2
hit 103.8505 11.2189 -3.3
hit 108.9545 8.4327 1.7
strike 95.3302 3.4303 -1.4
strike 95.0851 2.0882 1.8
strike 111.0884 28.5052 1.6
strike 92.3118 1.5864 -0.4
strike 93.8833 1.4147 -0.8
strike 94.4572 0.2776 -2.3
strike 90.7962 3.4025 0.4
strike 108.0073 2.813 -6.2
hit 109.043 3.9169 -2.1
hit 105.7988 15.7095 -4.8
hit 116.7062 1.4193 -2.2
foul 116.8402 7.7536 4.3
foul 110.4089 5.6308 -2.1
strike 99.5625 1.0916 0.7
foul 112.7623 16.7454 -1.7
strike 92.3425 1.7617 -2.7
strike 91.7857 1.9928 -0.7
foul 99.6882 7.5604 5
strike 112.5102 2.9143 9.2
hit 109.0461 2.8077 -2.2
hit 98.5384 28.2931 -1.2
foul 109.1329 6.719 -3.1
strike 100.3474 2.8547 0.1
foul 113.6973 2.7798 -0.9
strike 93.4955 2.1988 -3.5
strike 93.2994 10.7874 -0.2
foul 111.9746 20.3679 -3.4
strike 113.1593 8.8347 3.7
strike 111.3476 5.6732 2.2
foul 105.3442 4.9565 -0.3
strike 103.5989 2.4381 2
strike 105.9141 1.3342 -2
strike 93.9686 3.1073 -0.8
strike 100.1871 2.5161 0.5
hit 102.1389 8.8275 -2.4
strike 95.48 5.5561 -1.7
foul 97.2362 14.9995 -1.6
strike 113.0576 4.583 3.1
foul 111.5909 5.1393 1.8
foul 117.8685 7.4903 -3.5
hit 100.765 4.8228 -0.3
strike 95.4383 4.0618 -2.9
strike 93.8817 2.3166 11.3
strike 99.6487 7.2284 -2.5
strike 114.3056 5.4879 4.5
strike 97.5081 2.9655 -2.4
strike 106.79 0.1163 2.6
hit 97.6855 21.8213 -0.1
strike 100.8659 0.8002 -4.7
strike 92.0571 1.645 3
strike 94.0038 3.3955 -1.3
hit 114.6397 11.3109 -1.3
foul 108.8138 2.746 -0.9
foul 105.5922 6.3327 -1.6
strike 99.6734 2.2464 -3.1
foul 115.3871 1.8865 -2.7
hit 117.8532 13.9763 4.7
strike 110.05 3.2405 3.7
foul 95.3778 14.826 -3.6
foul 117.0172 11.7986 2.2
hit 101.6664 8.1744 -2.8
strike 92.9571 7.4584 0
strike 115.0911 1.924 3.2
strike 115.5152 11.7958 2.3
strike 92.6597 6.0413 -2.9
strike 99.2266 10.5264 -0.1
strike 107.1643 5.1599 1.9
foul 112.1083 7.6413 -0.3
strike 91.9777 4.5864 0.5
strike 117.2329 5.4887 2.9
hit 108.9476 3.7307 -0.7
hit 105.7752 6.2294 -2.5
hit 116.1268 2.6947 -3.7
hit 91.4715 16.7647 0.8
strike 90.7067 14.4471 0.6
strike 92.9666 17.1156 3.3
strike 104.6837 7.791 -0.3
strike 102.1103 9.3694 0.4
strike 94.8039 1.7708 0.4
strike 101.3946 6.1623 -1.3
hit 101.982 8.782 2.2
foul 96.3068 13.7499 -4.1
strike 104.8142 4.4543 -6.1
strike 114.3918 4.0087 -2.5
strike 95.6978 3.8446 5.8
strike 104.6352 1.7485 0.5
strike 104.3835 4.535 -1.9
hit 110.7177 6.8946 -3.6
foul 108.9389 8.9327 -2.8
foul 103.9518 9.1742 -1.5
strike 104.3108 3.7026 -3
hit 115.6108 3.7893 -1.5
foul 90.2592 12.6879 9.6
foul 115.104 1.0879 3.2
strike 93.8978 1.2656 -0.6
strike 102.8912 0.689 -1.4
strike 94.8797 5.7906 -4.1
hit 106.9733 2.6279 -6.5
strike 94.4149 10.1775 -4.3
strike 100.6445 2.7309 1.6
foul 113.5862 0.6101 -2.4
strike 103.619 3.4361 -1.4
hit 109.8479 7.8414 -2.7
foul 116.0024 3.757 -0.8
hit 112.3458 0.1717 1.3
foul 104.3253 6.3128 -3.1
strike 102.8609 5.5724 0.6
strike 104.9908 1.1898 -1.7
strike 109.4607 4.6084 3.3
strike 91.0818 12.1733 -4
hit 109.7292 2.6786 1.2
strike 96.7564 3.7956 -1.6
strike 103.0119 1.9343 -1.7
strike 96.1414 0.2604 1
strike 113.5148 5.6026 2.5
foul 112.7342 11.3915 -2
strike 93.1987 11.0823 -1.4
foul 111.9821 3.5458 -2.9
hit 110.9038 5.255 -3.3
strike 110.8779 7.0795 -0.4
strike 92.9125 5.3622 -1.8
foul 94.4319 15.515 -2.3
foul 113.535 5.3851 -0.6
strike 106.7617 2.8461 2.3
hit 107.4092 4.0481 2.4
strike 105.7674 1.5669 0.6
hit 106.5864 7.0746 0.9
strike 96.8503 2.6826 -0.3
strike 102.4561 2.858 1.6
strike 102.2355 2.6413 -1
strike 100.9313 0.6933 -2.1
strike 103.2634 2.5276 -2.2
strike 98.1437 1.7019 -3.6
foul 102.8234 10.3063 2.2
hit 108.6373 4.5202 -1.7
strike 100.1593 2.2951 4.4
strike 101.4422 2.7294 -3.5
strike 99.9723 5.0232 1.1
strike 104.9378 0.7479 -1.8
strike 106.6917 6.377 1.2
foul 113.2448 3.5751 -3.7
strike 92.1986 1.7746 2.9
hit 117.7724 2.2837 1.1
foul 104.2915 7.1753 5.1
strike 91.8367 31.6439 1.2
hit 105.6139 8.2348 1.5
strike 91.5152 9.9506 0.8
strike 96.6828 2.9442 -2.8
strike 92.1895 11.1646 -3
strike 92.7324 9.9744 -4.2
strike 101.9081 7.4274 -4.7
strike 97.8737 1.3386 3
hit 111.5486 15.1955 -3.9
strike 98.5643 1.3272 -3.8
strike 91.4251 12.6405 5.2
foul 108.8437 3.6188 -1.4
foul 112.4792 5.566 -0.4
foul 109.8875 7.4411 -6.6
foul 112.0825 6.0813 -2.7
strike 98.3729 2.2902 2.1
strike 102.039 2.5171 -0.1
foul 105.9204 9.0422 -3.2
foul 107.5201 2.6773 -0.7
foul 103.9555 13.0154 4.8
hit 115.5461 2.9415 1.1
hit 110.9641 1.1862 -4.1
strike 100.8592 0.8832 2.6
foul 113.843 2.5089 4.4
hit 111.446 2.3496 -2.8
strike 113.5206 3.7457 6.4
strike 102.2927 0.6365 -2.5
strike 100.9808 3.9942 -0.6
strike 117.9278 13.2938 0.6
hit 111.9379 7.391 -1.7
foul 117.4176 1.1206 -2.3
hit 106.6215 4.533 -1.3
strike 103.7057 7.9813 -0.4
foul 104.9866 7.4275 0.4
strike 90.6959 1.9591 -6.6
strike 92.116 6.2116 -6.5
foul 112.408 6.4159 -0.5
strike 98.8994 1.2079 -2.1
hit 112.0139 2.3162 2.4
hit 108.8003 2.9637 -2
strike 105.9612 24.8391 5.8
strike 112.7583 5.758 2.5
strike 92.2716 5.0207 -1.4
foul 117.0822 3.8432 -1.8
strike 91.9424 6.2711 -2.8
foul 108.5625 6.7984 -0.5
strike 100.8191 2.0902 5.8
hit 114.8061 6.047 2.5
strike 100.8467 4.0011 4.9
strike 106.4493 0.7323 -3.1
strike 103.5332 2.8879 2.1
foul 102.6343 16.4877 2.3
strike 98.6289 1.2761 -2.5
strike 97.7325 3.1615 -3.6
strike 107.8702 1.0073 1.4
hit 117.03 0.9034 -2.1
strike 99.8475 1.0168 1
strike 113.9115 12.4623 -5.4
strike 101.6553 3.3985 0.1
strike 96.8455 4.3091 -0.3
strike 105.8312 4.3109 0.3
hit 100.3132 4.4917 8
foul 105.3924 11.5955 -2.5
strike 90.8732 3.3314 0.3
strike 109.548 1.1206 -0.1
hit 105.9499 3.8537 5.1
strike 94.0066 1.9499 -1.3
strike 102.8528 5.3073 3.4
hit 99.6495 26.403 5
foul 110.0646 4.2594 -2
strike 97.0595 3.2766 3.8
foul 112.6908 11.7114 -1.3
strike 92.8352 7.6223 -4.5
strike 94.0659 12.0331 -0.1
hit 103.2769 8.9048 -4.5
strike 95.3766 1.5093 1.1
strike 97.4441 3.1748 2
strike 90.9479 4.7538 2.4
strike 100.7733 16.5787 1.4
strike 101.1248 3.5064 -3.8
hit 104.6366 10.81 4.8
strike 93.874 5.26 -4.7
hit 113.2263 1.8758 -1.8
hit 99.8212 6.9983 2.2
strike 96.3723 11.7132 3.3
foul 101.9634 7.2303 2.3
strike 99.5044 3.7378 1
strike 99.8516 1.3617 1.8
strike 95.4027 13.1251 -9.1
strike 114.6411 13.0398 5
strike 110.6645 15.5348 5
strike 99.4438 7.9956 -5
strike 102.5942 2.5625 0.5
strike 100.5061 1.4693 -2.3
hit 111.987 5.4247 -1.2
strike 91.9084 3.736 -0.2
strike 93.3926 6.7999 0.5
hit 104.0916 10.1637 -1.8
strike 99.0872 3.0847 0.2
strike 99.9242 6.356 -2.3
strike 97.0959 8.2734 -2.9
foul 104.1188 10.3413 -0.2
strike 99.296 9.8213 5.4
foul 115.5881 5.6958 -5.5
hit 98.4012 11.9801 1.1
strike 110.6712 2.9823 0
strike 95.4634 6.3709 5
hit 115.026 7.5296 -1.3
hit 99.88 7.7995 4.6
strike 111.9919 1.174 -1.2
strike 109.216 0.7724 -0.7
strike 90.781 5.4224 0
strike 90.1711 0.6811 0.6
strike 91.01 3.968 2.3
foul 110.0597 4.9655 -2.4
hit 109.1376 2.6384 0.6
strike 115.7202 3.3003 2.6
strike 112.9462 9.9542 -0.9
foul 112.9248 0.3709 6.3
foul 109.139 6.7329 1.3
strike 91.4071 7.4748 3.6
strike 100.2658 0.1882 1
foul 105.2834 18.716 0.3
strike 101.6443 1.2502 2.1
hit 117.64 1.1207 0.6
strike 98.6497 8.1641 1.1
strike 100.2702 10.026 -1
strike 115.6232 0.821 -0.5
hit 101.2117 8.3123 -0.9
strike 92.8725 3.1124 1.5
strike 97.8186 1.3346 5.6
strike 113.9641 2.4335 1.8
hit 106.2011 10.1399 1.7
strike 113.162 5.238 -0.9
foul 112.2379 4.1073 -2.7
strike 95.5643 0.6507 2
hit 105.8318 5.5357 -2.1
strike 107.436 3.5189 0.8
hit 107.6349 6.0032 -2.5
foul 105.8124 2.8748 1.6
strike 95.6004 3.0187 -3.5
strike 102.84 2.6901 1.6
strike 100.2103 6.4797 -1.6
strike 90.6576 5.4017 1.6
strike 102.9584 15.5773 2.5
strike 117.546 7.1607 0.5
hit 111.9207 2.3168 5.9
foul 110.1204 3.3586 -2.1
strike 100.4813 1.0673 0.5
hit 112.625 3.5765 -0.6
strike 91.3564 4.3234 2.6
hit 96.3521 9.3632 0.7
strike 114.139 0.5163 2
foul 110.1354 3.8889 -0.6
strike 96.0767 3.7368 3.3
strike 93.0301 2.5529 1.5
strike 92.1335 2.7741 1.1
strike 95.744 2.0092 0
strike 110.4989 7.1415 -1.2
strike 95.0672 2.6138 -1.5
strike 91.0089 1.0229 -2.1
foul 101.0034 10.9976 -5.4
foul 111.7811 6.301 -3.3
foul 100.4978 11.5099 5.3
strike 93.4261 4.0728 1.9
strike 112.6294 2.3485 2
foul 105.7451 9.4629 -2.5
strike 99.9416 0.8133 -6.1
strike 93.1286 7.619 -2.6
strike 100.7026 8.3644 0.3
strike 93.6718 12.318 -2
foul 110.5024 7.0602 1.9
strike 92.9938 7.4728 -1
foul 112.381 0.8992 2.5
strike 104.8377 2.4803 1.1
strike 113.2441 7.0363 0.4
strike 99.8744 6.5911 5.5
strike 106.4244 16.7864 5.1
hit 112.9415 1.0362 -1.4
strike 98.8388 1.7639 1.9
strike 91.466 0.6691 4
strike 107.3534 1.0731 -0.7
hit 101.3214 5.5651 0.4
strike 95.5196 0.1833 0.5
hit 111.8628 1.5403 -2.7
strike 102.4836 1.0576 -1.7
strike 104.3149 4.5009 -2.6
strike 112.5325 3.3489 -1.1
strike 104.5801 1.9858 5.5
strike 95.954 4.5111 -0.5
strike 90.8575 1.3834 0.8
hit 109.6928 1.7044 -1.4
hit 116.9906 1.1674 -1.7
strike 94.9369 12.3373 -2.2
foul 93.4738 16.3798 0.4
strike 91.446 3.5016 -0.3
hit 117.0636 5.3015 -1.3
strike 95.5559 8.9949 1
hit 108.946 3.5442 5.4
hit 104.652 6.5419 4.4
strike 105.4616 1.3832 0.6
strike 105.7883 3.4306 0.6
strike 95.021 6.7786 -3.6
hit 108.835 7.2272 -1.1
strike 95.7323 0.702 8.8
strike 100.6265 4.17 0.5
foul 102.6558 12.7684 -3.6
hit 114.6798 3.8295 1.6
hit 108.3085 2.2513 -0.2
strike 106.1524 7.0541 0.9
hit 107.3321 6.6323 2.5
strike 91.5027 6.1524 -2.7
hit 112.9806 4.4832 -3.6
strike 109.2212 0.7034 -0.1
hit 106.0846 3.992 2.9
strike 91.3907 2.5533 2.9
foul 114.0646 1.9706 -1.9
strike 110.9541 0.0413 1.3
hit 115.1681 2.1253 0
strike 98.1078 4.999 0.8
hit 105.3507 9.4417 -0.5
strike 115.3467 1.878 -0.3
strike 101.1666 0.9819 1.6
strike 116.9059 5.2952 2.8
strike 95.6727 1.7663 -1.2
strike 102.2909 5.3045 1.4
strike 90.3743 4.1007 -4.2
hit 100.6205 15.7229 -0.6
foul 106.4468 4.8717 -2.2
strike 110.8403 4.7651 3.1
strike 95.8259 1.0719 0.7
foul 112.2751 5.0088 -3.5
strike 100.5883 1.8029 -0.9
strike 96.1066 3.3493 -4.6
strike 95.5785 5.814 1.6
strike 105.3885 11.6944 2.9
strike 97.1348 6.8148 1.1
strike 94.5125 3.6616 -2
strike 96.3427 1.3319 5.5
strike 103.295 1.8016 -0.4
strike 117.6119 29.8752 -3.1
hit 106.5508 3.8057 2.6
foul 106.5907 23.7141 7
strike 114.3628 3.8408 -0.8
foul 106.5938 13.362 -1.3
strike 96.0532 2.9923 4.4
strike 115.5338 6.5611 0.8
strike 99.5925 6.2517 -4.8
strike 96.798 1.1489 0.4
hit 101.8988 10.7595 -7.2
foul 112.5638 4.6243 -2
strike 97.1701 5.3581 3.6
hit 111.89 0.6925 0
strike 92.0488 6.7285 0.6
strike 92.236 5.2233 0.2
strike 111.4706 3.7883 1.9
hit 109.4618 0.2654 -0.9
strike 97.8172 2.8756 -1.8
strike 93.8595 8.9484 1.8
hit 115.174 4.9417 -2.7
strike 103.8649 4.4608 -0.6
strike 105.8378 1.5379 2.1
foul 111.8402 11.2459 -0.7
foul 113.9347 6.3854 -1
foul 94.5455 13.9693 7.1
hit 117.1409 11.7928 -4.3
foul 114.4899 14.1691 -2.1
strike 102.9263 4.4965 2.1
strike 93.5063 1.8921 4.3
foul 117.4129 7.6736 -3.3
foul 100.7692 10.1893 -0.7
hit 113.3687 1.1365 -8.1
foul 117.3702 1.5088 2.2
foul 109.7955 10.5133 -3.7
hit 103.8637 5.7233 6.9
foul 111.9401 2.0509 2.3
strike 95.826 1.9212 1.1
foul 106.8312 3.6727 -2.1
strike 109.1786 8.9123 2.5
hit 116.0115 1.8278 -5.5
hit 107.9358 5.8262 -3.4
strike 103.4857 3.4931 0.8
hit 103.2045 10.2533 1.5
foul 115.0866 2.2591 -1.9
strike 100.1983 3.9635 -0.7
strike 96.7423 5.7079 0.1
foul 114.6341 10.4748 -4.1
strike 117.8264 16.3328 3.7
hit 105.7096 0.9662 5
strike 93.1182 7.9704 4.9
foul 97.3751 8.9016 6.7
strike 100.5315 5.2227 1.1
foul 103.7991 4.9551 2.4
strike 95.0372 9.8108 0.2
strike 97.6895 1.4598 -0.9
strike 108.1184 11.2269 1
hit 105.9528 5.4167 -4.9
hit 110.8112 0.8098 -1.9
hit 103.0486 4.1423 -0.2
hit 99.8427 9.0485 -1.3
foul 105.2388 7.4711 -1
strike 97.5897 2.1503 1.9
hit 111.0271 4.0134 1.8
strike 94.8526 2.2998 4.4
foul 109.9286 2.4736 -0.8
foul 113.6333 4.222 -0.2
strike 101.6924 1.2046 -2.9
strike 115.0061 4.7667 1
strike 98.8769 0.7812 2
foul 105.1979 8.992 0.7
strike 97.0105 9.1234 0.2
strike 92.0354 4.0685 -4.1
hit 104.9699 3.0409 1.9
hit 103.7225 6.27 1.7
strike 91.7876 10.4899 -0.9
strike 94.4537 8.2686 5.5
foul 110.6151 3.3506 -5.6
hit 117.5847 0.8419 3.5
foul 105.4169 6.7657 2.6
strike 93.9844 0.4662 1.1
hit 97.6748 18.5329 0.3
strike 91.529 2.9527 -0.3
strike 96.7678 6.3197 -3
strike 106.1641 4.1392 3.1
hit 103.1614 5.2659 -2.6
strike 110.1688 1.6274 -5.3
hit 115.8473 2.7656 3.2
hit 110.1768 2.1364 -1.7
hit 112.7377 3.6449 3.6
strike 93.0804 0.3787 -7.3
strike 95.0747 3.746 1
strike 99.3684 3.6415 2.8
strike 91.3712 1.984 2
strike 97.6396 0.9097 3.5
strike 103.4243 14.1643 -4.2
strike 96.4993 2.652 4.5
strike 99.4071 7.4826 3.2
hit 106.7336 1.6738 -3.5
strike 93.0364 5.0292 -8.5
strike 95.3355 3.493 0.9
strike 91.5856 5.7612 -0.5
foul 103.5372 43.7672 -0.3
strike 96.5612 4.2271 -0.7
foul 117.4386 0.823 0.7
foul 112.8805 4.0519 -2.2
strike 96.8567 2.3821 -4.4
strike 113.0503 13.4614 -1.3
strike 92.8154 5.67 -3.2
strike 106.3343 0.9513 -2.5
strike 99.5089 2.836 -8.3
hit 108.3844 1.1258 -5.1
hit 114.9273 47.8487 0.5
strike 96.1517 1.3227 -0.8
hit 102.3152 8.5775 3.5
strike 90.4618 4.388 -2.9
hit 99.1682 8.6263 -4.2
strike 95.2888 4.5832 4.5
strike 102.2306 2.4703 -2
foul 112.7584 0.5211 -1.3
strike 106.3161 6.1992 1.9
strike 97.6686 2.3395 3.6
hit 109.3955 11.6686 -1.1
strike 93.1921 1.3677 1
hit 110.7506 2.3386 -5.7
foul 114.2865 9.5908 -1.1
strike 113.3363 0.1474 2.8
strike 102.7305 8.1077 5.7
foul 117.7582 16.701 -8
strike 104.0668 9.3454 -1.7
strike 94.2816 10.1875 -3.5
strike 97.3881 3.1279 2.6
foul 105.4897 16.3117 3.7
strike 112.404 9.7713 -1.9
foul 104.4335 10.8266 0.3
strike 104.0728 2.3608 0.3
strike 91.483 11.6835 -2.9
strike 105.6227 1.5076 1.5
strike 94.3148 4.6884 2.4
strike 106.983 7.3343 3.1
foul 108.7883 6.1897 -4.4
foul 108.2405 1.5118 1
strike 90.5155 1.4589 -3.2
hit 107.4806 8.2335 -0.9
strike 105.0871 3.8456 -5.1
foul 115.3781 0.2477 -2.8
strike 90.7632 6.7001 -3.5
strike 100.8741 5.8924 0.6
hit 105.3108 14.3975 -1
strike 92.599 2.5513 -6.1
hit 116.5957 0.7087 2
strike 92.7184 3.241 0
strike 93.7532 2.9167 -1.5
foul 113.417 2.9233 -2.2
strike 96.4381 2.0032 0.2
strike 93.8594 2.8749 2.7
hit 104.9159 1.3631 3.9
hit 109.4506 7.6992 -1.8
hit 110.2152 2.844 -7.8
strike 98.1069 1.7609 -1.9
foul 104.1595 4.1921 0.1
