dest time weight speed
Bryan 7.52 18.3509 77.8
House 10.08 16.8799 75.8
House 13.84 4.0182 74.4
House 8.11 26.4044 71.8
Bryan 8.84 50.484 78.2
Bryan 15.41 18.858 78.7
Bryan 12.03 111.1878 77.3
House 14.62 7.6025 75.5
Stores 16.73 64.9711 81.9
House 14.86 5.1582 76.5
University 17.96 4.67 76.9
Bryan 6.23 63.4666 79.7
House 9.43 17.863 77.1
Stores 7.83 60.9477 81.1
Bryan 7.27 16.8199 79
House 7.43 34.4969 78.1
University 16.32 10.363 78.7
House 8.15 29.5739 74.6
House 7.38 8.7669 80.1
House 10.31 39.0407 73.2
University 14.54 51.7285 72.6
University 13.65 46.6374 81.8
House 14.42 122.1434 79.8
House 6.41 35.7894 80.9
House 9.85 37.265 79.8
Bryan 11.89 48.7597 75.3
House 11.95 21.7767 83.5
Stores 15.69 55.4319 81.1
Bryan 10.88 17.16 75.1
Stores 7.34 49.1323 81.8
Bryan 11 4.2315 80.2
Bryan 8.09 63.8968 78.8
University 14.14 29.1768 80.3
House 7.39 35.3063 76.1
University 7.92 114.9682 81.7
House 13.08 13.6185 76.9
Bryan 15.02 13.1312 82.7
University 14.36 30.5441 81.2
Stores 11.58 38.245 79
House 11.09 11.78 78.6
University 14.96 65.6662 81.1
Stores 7.92 65.4139 79.1
Outside 17.22 72.8112 77.4
Stores 15.13 68.6791 78
House 6.64 94.3393 76
House 8.5 46.8384 76.9
Bryan 7.8 18.5567 78.5
Bryan 10.57 27.5872 78
Outside 15.7 49.9099 76.4
House 8.62 27.8271 77
Stores 13.21 98.5705 85.1
House 8.75 18.9845 79.8
Bryan 10.67 6.9255 81.7
House 15.4 1.9987 77.7
House 8.76 25.7325 75.5
Bryan 17.72 19.999 78.2
House 10.78 30.8397 75
Bryan 16.36 9.6743 79.3
Bryan 10.62 26.9227 81.1
House 6.33 37.0277 77.9
Bryan 6.58 32.5893 76.9
House 13.53 12.2503 72.2
University 13.62 34.7109 79
University 16.19 40.3668 84.9
House 12.31 25.2122 76.7
Stores 12.6 7.3004 78.6
House 9.48 43.2838 80.4
Outside 15.68 25.0062 75.3
Outside 14.08 28.495 82.5
Bryan 7.23 19.4622 85.4
Outside 16.7 35.5581 83
Bryan 11.54 27.024 77.4
House 8.04 11.5154 80.3
Bryan 11.44 20.5461 81.3
Bryan 13.41 16.3023 78.4
Stores 15.17 31.5536 78.3
Bryan 8.72 15.95 83.7
Stores 12.52 7.3551 79.2
Outside 13.09 68.4999 81.1
House 6.6 10.1461 75.8
House 15.74 116.2421 76.3
House 10.22 56.3582 83.4
House 10.8 11.1936 72.1
Bryan 8.33 34.6154 81.8
Outside 11.46 95.0525 76
House 11.52 2.7696 77.5
Bryan 7.81 49.8419 81.2
House 15.51 39.0875 74.8
Bryan 8.73 22.2188 78.7
University 16.26 52.3422 80.9
University 17.47 32.2932 78.9
University 17.6 5.5424 73
House 9.15 11.6018 78
House 9.65 63.657 73.1
Bryan 9.58 146.7655 80.2
House 7.03 21.6387 72
University 14.36 55.2896 83.5
University 16.22 27.5211 78.9
Stores 15.14 38.3492 75.1
House 9.15 9.2883 71.8
University 13.82 48.5458 73.5
House 13.71 8.9979 79.4
University 14.99 48.2617 71.7
House 13.64 5.8105 73.5
Outside 10.82 79.5426 80.9
House 17.65 104.9605 77.9
University 13.46 43.051 76.5
House 10.34 69.9105 74.2
House 12.49 16.3135 75.9
University 14.81 28.6692 74.6
House 7.19 4.2363 76.2
Stores 10.5 74.9409 77.3
Bryan 15.12 9.7911 81.4
University 17.99 21.5391 83.2
House 17.97 15.6479 79.8
House 8.77 17.8638 78.8
House 13.61 10.8287 76
House 9.28 10.7058 74.9
House 7.12 76.3209 79.1
Stores 15.61 53.3454 80.2
Outside 16.28 38.7341 77.8
Outside 14.88 76.9954 82.1
Bryan 10.77 21.9811 83.9
Outside 17.24 6.6803 76.4
House 7.26 13.4256 84.1
House 6.2 39.2832 76.3
Bryan 7.94 89.2376 76.1
Bryan 11.88 24.152 78.2
Bryan 10.7 41.1652 87.8
House 10.94 41.9519 81.4
University 11.99 143.0815 80.8
House 14.29 15.0946 75.3
Outside 9.75 92.1182 75.5
Stores 15.51 110.0845 76.2
House 7.08 43.8711 72.9
House 11.09 36.1644 75.4
Bryan 13.06 11.1272 83.6
House 13.53 13.2441 73.5
Bryan 9.35 43.4396 76.8
House 6.6 26.0929 73.4
Bryan 8.63 26.0083 75.8
University 10.55 219.4187 84.7
Bryan 9.53 16.371 80
House 9.57 56.8392 79.4
University 14.62 23.8564 81.6
University 16.8 3.2138 75.3
Bryan 9.51 4.4824 79
House 14.81 34.6643 75.3
University 16.21 34.4591 77.5
University 13.42 14.0698 78.7
Bryan 16.1 23.9192 77.6
University 17.42 30.2623 78.5
Outside 12.99 69.7269 77.1
Stores 14.08 14.2321 79.3
House 7.13 21.2368 77.1
Outside 17.59 26.3696 72.8
Bryan 16.66 60.4511 75.2
House 16.41 39.8908 80.9
House 14.09 69.769 80.3
University 15.69 8.606 79.5
Outside 12.53 75.7075 75.5
Bryan 11.47 13.6844 76.2
House 7.68 74.6071 76.3
University 11.79 22.0059 82.4
House 8.01 6.6714 75.5
House 17.33 27.5102 75.2
Bryan 7.04 3.4108 84.1
Bryan 8.17 16.3276 79.2
House 8.94 11.7696 72.1
Bryan 15.74 95.7261 76.3
House 6.86 53.7678 75.8
House 10.59 18.3367 77.1
Bryan 10.57 11.6223 79.6
Bryan 6.5 24.2078 82.2
Bryan 16.61 67.0818 78.7
Stores 16.68 48.2726 81.4
House 9.43 53.5711 79.9
Stores 13.62 49.4776 79.4
Stores 8.82 59.7186 82.1
House 13.04 51.0815 78.3
Stores 17.5 29.6347 82.6
Outside 12.37 53.1443 77.7
House 8.93 49.6384 71.5
Bryan 14.22 44.2033 79.4
House 10.11 51.0669 73.9
Outside 16.57 45.535 75.8
House 10.75 5.4414 77
House 15.37 48.4758 77
Stores 14.55 57.7914 80.9
University 15.28 57.0639 78.8
Stores 14.05 211.8866 73.4
University 16.44 1.4524 76.4
House 8.48 58.4315 80.1
University 15.88 46.2056 77.1
Outside 15.07 29.5438 79.3
Bryan 6.81 30.468 77
House 14.17 6.5815 73.6
Stores 17.05 38.235 82.5
University 17.95 59.8238 74.9
House 7.88 80.0506 78.8
Bryan 6.47 27.1218 75.4
House 8.24 29.8622 76.2
Bryan 17.79 54.8563 80
House 11.16 1.7111 78.1
House 8.74 59.3642 76.8
House 9.28 21.8311 79.5
Stores 17.79 47.2651 83.7
Bryan 7.2 32.3673 83.5
University 17.98 87.9615 76.6
Bryan 14.95 40.6421 80.9
Bryan 14.54 46.7246 80.5
Bryan 15.44 156.342 72.8
Stores 17.71 44.1945 75.1
University 6.96 251.6449 76.8
House 15.44 74.7291 78.1
House 9.08 22.3067 74.2
Stores 15.02 85.6729 73.7
Outside 9.62 92.807 82.9
Outside 14.92 64.9051 77.8
Outside 13.39 63.6937 76
House 11.13 14.7697 75.4
House 9.54 14.7296 77.9
University 16.6 27.9514 77.9
House 8.4 23.8963 74.7
House 12.83 5.4828 77.8
Bryan 7.35 16.37 81.8
House 6.57 123.3471 72.7
House 15.6 32.0975 79.1
University 13.54 29.5724 77.5
Bryan 16.79 68.7341 78.5
Stores 17.71 58.7119 78.1
Stores 16.63 88.0035 79.9
University 15.41 18.386 78.5
House 11.01 6.047 76.8
Bryan 6.29 68.9014 77.5
House 13.94 56.2062 78.8
Bryan 7.43 30.7116 80.7
Outside 12.66 24.1829 78.8
House 6.55 40.8983 77.3
Bryan 17.11 62.7533 80.1
Bryan 12.56 30.7703 82.4
House 12.32 27.8108 76.4
Outside 17.62 21.858 77.2
Bryan 8.72 44.3664 75.8
Bryan 11.97 4.5999 80.9
Bryan 9.9 40.4816 81.9
House 12.98 8.3214 76.4
University 14.64 15.9552 80.4
House 6.66 6.2612 74.9
House 13.69 1.9977 74.8
House 10 3.8297 75.9
Bryan 9.74 28.4421 81.6
Outside 15.88 44.8715 77.2
Bryan 16.28 11.7274 76.9
House 15.69 80.7458 76.4
Outside 16.39 64.0655 73.8
House 15.37 54.2986 79.5
House 6.73 38.1533 76.8
House 8.68 62.601 71.9
Outside 13.06 53.6136 84.7
Stores 9.3 51.7478 80
Stores 11.88 21.7324 81
Bryan 9.82 65.6835 82.8
House 6.37 38.2477 77.8
University 14.64 6.6771 76.6
University 16.8 27.7255 79.2
Outside 14.47 18.2267 84.2
Bryan 7.9 61.8319 74.1
Bryan 7.92 34.0648 80.6
House 11.1 11.4165 79.3
House 7.6 36.5827 78.8
Stores 15.46 35.1527 76.6
Bryan 11.35 7.8723 77.9
University 17.36 7.5586 77.2
Stores 10.45 40.0419 79.7
Outside 7.91 140.2362 72.1
University 14.13 22.9076 82.8
Stores 16.27 56.184 84.5
Stores 17.96 30.9837 78
Bryan 9.7 30.1332 79.2
House 12.29 31.6178 78.6
House 15.17 62.6469 78.2
Bryan 15.22 43.6407 80.9
House 6.01 55.4224 71.2
House 11.52 103.5654 76
House 7.29 107.577 71
House 10.55 7.2733 71
Bryan 11.6 4.6395 82.3
House 14.26 38.694 68.6
Stores 10.62 78.2028 79.2
Stores 13.83 9.7063 80.4
Stores 8.59 116.0418 81.5
Bryan 7.53 12.5734 82.6
Stores 17.67 32.9415 75.4
Outside 16.81 27.8161 77.4
Stores 14.84 14.5778 82.8
House 10.58 100.9159 79.8
House 14.38 1.0673 77.3
Bryan 10.32 54.1051 78.7
Bryan 14.4 118.953 76.4
House 11.26 54.4779 82.3
Outside 15.35 44.5084 82
House 8.3 36.3007 76
House 15.73 26.9157 78.5
Stores 12.28 66.269 76.4
Stores 17.85 25.0157 82.4
Bryan 10.22 34.3434 76.5
House 10.65 22.8893 75.9
University 14.02 32.6468 76.1
Bryan 14.16 2.4502 80.2
House 11.33 4.2227 80.9
House 12.94 16.8145 76.3
Bryan 7.87 26.8047 78.2
Stores 10.48 66.9039 79.6
Stores 17.94 68.3162 76.3
Bryan 10.24 46.2527 84.6
Stores 17.88 75.7395 79.6
House 8.17 44.0284 79.5
House 6.9 2.7847 78.5
Outside 14.6 4.6039 75.9
Stores 16.04 22.4613 77.5
Outside 13.29 47.2546 78.5
Bryan 15.31 62.0995 76.7
House 14.99 107.9218 79.1
House 11.53 28.5788 78.6
House 9.61 15.0231 77.2
Bryan 8.76 12.0675 77.5
Bryan 10.56 43.2425 79.9
Bryan 13.69 64.3659 80.1
Outside 15.1 83.5761 77.3
Bryan 7.75 24.8812 74.4
House 11.17 22.5972 76.4
House 8 29.5324 74.7
Bryan 6.6 69.3077 82.8
Bryan 8.23 40.6399 80.7
Stores 8.2 86.0368 79.6
House 12.25 104.4516 79.1
Outside 14.81 23.6616 72.4
House 6.78 22.9569 79.2
Outside 16.51 5.2765 75.9
Stores 12.98 118.3052 78
Bryan 6.62 88.9406 78.2
Bryan 8.24 91.51 78.6
House 17.17 20.6205 80.2
Outside 10.59 94.5586 74.5
Bryan 8.35 64.8865 75.6
Outside 10.83 114.6192 77.4
University 12.22 45.0851 80.9
House 15.39 10.7319 73.4
Outside 16.78 23.8594 76.1
Outside 13.5 103.5593 73.8
Stores 15.53 11.7037 80.6
House 8.71 22.7232 77.2
House 8.83 27.7832 73.3
Stores 12.4 2.4303 79.7
House 8.78 53.7279 78.3
House 6.19 25.8782 73.6
House 8.59 50.1651 75.1
Bryan 7.49 23.801 85.1
Bryan 9.87 59.3346 78.8
House 15.87 10.5801 79
House 9.28 51.9502 79.6
House 8.82 74.891 75.9
House 7.49 54.2517 75.1
Bryan 7.13 49.5182 75.9
Bryan 9.45 144.6472 76.5
Outside 15.17 9.1401 73.9
House 17.33 11.4579 75.9
University 7.05 122.658 77.3
University 12.85 74.299 82
Outside 15.21 51.9884 79.1
House 13.98 3.2698 75.3
Bryan 6.29 33.6181 80.8
House 6.75 55.1904 71.3
House 6.37 150.9717 77.6
Bryan 13.84 79.7703 80.2
House 8.41 0.5108 77.3
House 13.31 4.449 75.1
House 6.08 9.9608 78
Outside 15.61 16.9238 74.9
Bryan 15.65 20.0716 76.9
Outside 14.92 5.5763 76.4
House 9.69 48.1433 79.3
Outside 11.93 76.7352 72.6
Bryan 7.43 25.8922 78.4
House 7.36 16.658 73.3
University 8.84 99.8221 78.3
Outside 14.01 29.2958 76.9
University 10.96 54.0851 83.9
Stores 8.52 112.795 82.2
Bryan 7.83 37.2444 83.2
Bryan 16.88 36.0099 77.3
Outside 12.57 39.0187 76.5
House 6.73 77.8122 74.3
Bryan 10.9 26.7652 83.6
Outside 16.65 190.9595 73.3
House 11.57 28.6888 78.4
University 13.41 176.482 76.9
House 8.47 7.485 81.3
Bryan 6.67 10.891 78.9
Bryan 14.41 8.419 80.1
University 14.19 8.4659 80
Bryan 14.18 7.938 75.6
Outside 15.18 30.3012 72.8
House 8.26 47.8985 77.7
House 7.42 42.4842 73.9
Outside 16.16 9.501 75
Stores 15.04 30.7456 81.8
House 6.56 45.2518 73.6
House 17.13 49.7373 76
University 11.87 131.0691 79.3
House 10.37 43.4921 76.5
Outside 12.03 46.8295 80.2
House 10.9 6.3364 78.4
Outside 13.62 41.5422 76.7
Bryan 17.11 4.3487 79.7
Outside 16.81 33.7499 80.2
Bryan 8.76 34.137 77.9
Stores 13.55 38.6738 81
House 14.07 3.4853 76.3
Outside 9.55 114.0128 77.2
House 14.28 25.0927 74.6
Outside 16.45 49.3452 80.3
House 7.91 30.6521 73.5
House 10.83 16.8542 77.2
University 13.48 63.3068 80
House 10.55 5.5236 78.8
House 17.94 107.865 77.7
Outside 6.84 120.6578 75.9
Stores 14.69 38.6561 79.6
Bryan 11.66 2.4908 77.3
Bryan 7.67 73.6883 80.5
Outside 14.71 56.8525 75.5
Outside 11.31 96.621 81.4
Bryan 7.31 84.0234 81.3
House 15.27 36.2632 69.8
Bryan 8.35 25.7583 83.2
Bryan 9.5 5.9928 79.8
University 13.73 29.9976 72
Outside 15.86 41.3599 75.2
Outside 14.72 123.5871 78.7
Outside 16.01 73.6565 69.5
Stores 12.5 37.1826 78.9
Outside 15.32 22.8994 79.3
University 15.15 31.0988 83.4
House 6.36 3.8139 77.9
Outside 13.2 160.1694 77.3
Bryan 6.23 13.1978 82.7
University 17.61 14.5754 77.3
House 10.72 23.1123 78
House 11.48 36.6522 79.3
House 13.33 25.4503 72.6
House 7.59 56.3831 78
House 11.72 14.6027 77.1
House 13.76 9.327 76.2
Outside 15.18 11.6162 79.9
Bryan 8.04 12.8551 79.9
House 10.96 11.7481 79.3
Outside 9.82 118.3008 80.8
House 8.44 10.2757 78.7
Stores 17.38 10.7405 78.7
Stores 10.64 53.1806 78.6
Bryan 6.67 80.5639 75.2
House 8.07 16.4173 77.2
Bryan 10.06 181.6979 84.8
House 15.42 8.5934 77.2
House 12.37 55.3792 72.3
House 13.13 28.9479 74.7
Bryan 15.08 32.9846 81.4
University 17.85 67.6098 73
House 12.65 25.3749 83.2
Bryan 14.46 100.0573 82.4
Bryan 12.08 64.0793 80.2
University 15.21 34.0197 78.6
Stores 15.65 47.0583 81.7
University 15.14 67.6796 73.7
Stores 16.79 27.2234 79.5
University 16.42 26.1807 75
University 17.21 57.8338 74.4
Outside 7.42 138.6676 77.4
Bryan 14.43 26.0942 79.2
House 9.55 26.2675 75.9
Bryan 6.34 3.0467 83.1
Bryan 14.13 84.2408 79
Outside 14.31 25.6291 82.2
Outside 16.73 49.7188 78.8
Outside 13.52 75.7639 76.3
Stores 17.94 29.3166 75.9
Outside 17.6 21.1012 82.7
Outside 15.26 66.2011 74.7
Bryan 13.75 56.39 83.7
Bryan 14.16 19.4726 80.5
Stores 9.61 10.7597 81.9
House 8.39 92.6289 74.7
House 16.93 40.4467 80.9
House 9.16 55.9883 80
University 17.74 27.3695 73.7
University 17.4 22.5093 74
Bryan 6.6 15.4847 77.7
University 11.22 50.221 76.7
Bryan 8.18 18.0619 80.3
Bryan 6.28 65.7289 76.5
Stores 10.57 101.5455 78.3
House 8.67 10.0149 79.7
House 8.21 48.0818 75.3
House 8.4 9.2971 71.2
Bryan 10.26 103.6811 79.6
Bryan 11.18 12.2695 80.7
Outside 9.17 88.1727 77.8
House 13.45 61.462 78.6
House 13.96 62.4348 81.6
House 7.6 8.9193 79.5
Bryan 10.3 22.2803 77.7
House 7.74 3.2428 74.2
Bryan 9.37 1.0835 78.5
Stores 9.24 45.6936 78.5
Bryan 11.5 14.0002 83.3
Bryan 6.17 51.1464 75.9
University 13 68.1836 80.9
University 11.89 37.1864 82
University 11.24 212.9121 86.8
House 15.49 21.5268 79.5
University 12.59 38.3432 80.8
House 8.75 42.367 80.3
University 14.26 14.0544 80.9
Outside 13.27 23.0812 80.6
House 8.62 25.1524 79.2
Stores 9.22 134.6901 78.2
Bryan 8.78 54.2103 71.8
House 16.91 6.2023 75.1
House 6.24 39.0067 84.6
House 7.71 8.1523 77.2
Outside 12.56 40.1164 78.6
House 13.45 7.866 77.7
Bryan 10.24 53.3082 75
Stores 14.39 8.4776 83.2
House 8.26 10.1084 72.4
House 12.54 23.3443 78.5
Bryan 15.21 29.2206 75.5
Bryan 14.58 10.9814 77.3
House 12.29 76.3303 75.3
House 9.2 1.1443 77.3
Outside 14.38 83.3624 80.8
Stores 16.41 21.7153 75.3
House 6.41 115.0503 86.6
Bryan 14.59 107.6565 74.2
House 10.24 38.3169 76.9
House 6.17 33.0535 75.7
University 14.59 64.0192 74.1
University 17.88 23.468 79.9
House 12.35 27.1427 75.6
Outside 9.73 126.2628 76.5
Outside 16.35 62.3125 80.1
Bryan 7.71 61.6056 80.1
Bryan 13.07 9.5835 81.1
House 7.12 42.8688 79.2
Bryan 15.2 20.9303 79.8
House 10.04 6.1747 78
Bryan 8.39 67.6444 78.8
Bryan 7.32 84.5948 80.2
House 9.56 36.0336 76.5
House 10.44 65.9422 73.3
House 7.17 37.8269 74.8
House 7.6 18.5335 76.5
Stores 12.73 14.514 81.8
House 7.34 65.7736 84.9
Outside 15.75 33.0644 72.7
Outside 11.32 131.3198 74.8
House 12.28 8.9888 77.4
Bryan 9.39 56.0512 74.9
House 17.48 23.731 74.6
Stores 6.79 139.2556 74.5
Stores 7.55 81.0689 81.1
House 15.71 23.1532 79
Outside 17.31 63.4318 76.8
University 10.59 79.0935 77
House 12.08 60.5373 77
House 10.16 40.4585 73.7
Stores 12.6 26.083 76.6
Bryan 9.55 39.084 83.5
Bryan 6.15 35.1681 78.9
House 12.01 22.6906 75.1
Outside 13.27 38.7932 73.4
House 11.29 30.3184 74.1
Stores 17.92 7.9864 80.6
Bryan 6.83 74.6636 81.3
Bryan 8.91 4.1892 77.1
Outside 16.97 50.0251 76.3
Outside 12.82 41.0066 78.4
Stores 16 26.6886 79
Outside 7.78 151.3019 72
House 11.94 22.3255 78.5
House 6.23 42.6014 75.1
Outside 13.73 49.6273 82.2
Bryan 10.25 27.0668 79.1
House 6.87 56.5473 77.4
House 14.22 20.247 76
House 7.01 1.7766 77
House 9.73 51.0895 77.4
House 10.44 26.9163 78.5
Bryan 6.77 36.6252 79.1
House 9.97 13.0694 74
Bryan 6.12 9.7439 80.8
Bryan 6.03 105.066 76.6
House 11.4 9.2763 84.5
Stores 10.72 38.84 79.4
Bryan 6.04 84.765 79.1
Bryan 15.84 28.9341 82.4
House 9.25 22.2496 77.4
House 14.41 9.8408 82.3
House 17.03 86.6072 76.5
Stores 17.03 13.132 76.1
Bryan 11.16 74.564 80.7
Outside 17.36 65.4021 78.6
University 14.77 46.3354 78.6
Outside 6.08 161.0543 81.9
Bryan 7.32 18.0275 75.8
Bryan 6.63 24.8318 75.3
House 13.67 38.146 79.1
House 8.64 34.6894 75.8
House 14.5 16.9871 74.8
House 11.31 114.7299 81.3
Bryan 9.16 30.6668 78
Stores 8.96 65.907 78.7
House 8.23 61.7382 77.2
University 14.44 34.6894 75.6
Stores 10.23 43.7935 79.8
Outside 10.86 140.6054 75.5
Bryan 8.11 40.0633 79
Outside 15.8 8.5694 75.1
House 10.16 18.0959 80.1
House 17.78 6.5701 77.7
Bryan 6.03 30.6335 80
Bryan 8.43 29.6264 81.6
Bryan 15.79 93.5871 80.8
House 17.25 43.0915 74.8
Outside 16.43 28.9187 79.2
House 7.83 23.6693 73.8
House 10.7 8.5537 76.9
Stores 15.73 62.3949 82.4
Outside 8.01 133.8408 75.6
House 10.14 13.9001 76.9
Outside 15.59 18.8975 79.8
Bryan 17.43 12.4859 79.9
House 7.42 5.7896 74.4
Bryan 7.79 40.7115 78.9
University 13.39 32.286 79
Bryan 13.46 53.9892 81.1
Stores 16.53 3.1405 80.5
Outside 16.84 17.4687 75
House 11.85 96.6766 80.5
Bryan 17.98 40.4409 77.6
University 15.71 31.2109 73
House 12.49 18.2071 78.6
Bryan 7.01 12.3734 81.6
Stores 12.4 21.396 78.7
House 7.95 6.2941 72
University 17.74 37.7773 76.7
Bryan 10.18 26.3891 75
Bryan 10.83 23.9856 78.3
University 18 8.9458 74.1
Bryan 17.18 29.9678 80.2
House 11.23 13.0154 78.3
Bryan 10.03 122.3207 76.5
House 11.35 39.6485 71.9
University 14.89 38.9234 77.4
Bryan 10.3 16.2449 80.8
House 11.93 5.8916 78.3
Outside 17.4 22.5455 80.3
Bryan 12.34 34.8162 79.5
University 11.22 78.4441 79
House 6.16 32.3802 78.5
Stores 9.2 172.0591 80.9
House 6.24 9.5688 81.5
House 7.66 27.1109 72.1
Bryan 7.18 30.2183 75.2
Stores 16.61 10.86 84
Bryan 8.54 35.893 81.6
House 10.64 11.508 74.9
Outside 14.49 55.7345 79.9
University 16.21 34.0151 79.8
Outside 11.44 163.5071 76.1
Bryan 17.74 8.6601 81.6
House 10.19 49.8864 75.5
House 10.77 19.5224 79.8
House 9.95 2.7247 82.8
Stores 15.76 41.9744 75
House 6.04 5.5018 77.5
House 15.13 24.7048 74.6
Stores 15.82 4.7929 79.5
University 15.98 20.5461 76.8
Bryan 6.66 14.0196 78.5
Stores 10.38 123.8791 76.1
Outside 14.87 24.2548 77.8
University 16.01 37.4764 81.1
Bryan 8.99 42.8842 78.4
Bryan 11.46 83.0758 75.3
Stores 14.1 11.2041 79.8
Outside 14.33 118.4161 84.7
University 16.56 85.6256 76
House 14.58 4.8563 77.9
House 11.57 25.8655 77.9
Outside 13.44 29.2572 77.5
House 7.59 41.193 79.4
Stores 15.58 21.7459 79.9
Outside 11.91 80.2691 78.5
House 7.76 0.4751 78.7
Stores 14.76 34.5942 77.8
House 8.36 140.0318 82.9
University 14.72 25.4398 75.4
House 9.99 38.089 77.9
House 14.56 85.0196 73.2
Bryan 10.17 14.5777 80.3
Stores 8.28 47.2734 81.4
Bryan 10.16 15.2884 76.8
Stores 15.66 36.5168 79.4
University 8.37 76.1091 80.8
University 16.52 46.9346 75.5
Stores 15.24 29.9188 79.5
House 10.9 20.6109 79.6
House 9.12 16.71 75.4
House 7.9 41.9941 72.8
Bryan 11.11 64.0495 79.6
House 15 8.3423 73.7
Stores 17.55 35.2037 78.6
House 9.63 1.7756 75.4
House 11.67 33.2118 78.5
Outside 13.61 61.7634 75.5
University 15.9 42.1062 75.1
Bryan 7.97 62.0533 78.8
House 11.63 48.2595 78.6
House 14.89 44.8867 79.4
House 17.28 23.7184 76.7
House 8.79 43.4766 79.9
Outside 13.84 42.8057 74.7
Bryan 8.81 93.9461 75.4
Bryan 8.5 82.8077 77
Outside 15.32 9.9232 76.9
Stores 17.85 17.0274 76.4
House 11.25 13.3734 80.3
House 10.64 47.9078 76.6
Outside 15.41 18.7113 70.8
House 14.74 132.0961 75.8
Outside 16.24 8.5531 81.4
Stores 13.66 24.5466 83.8
Bryan 13.55 34.5779 78.1
House 6.75 33.6942 77.5
Bryan 11.26 14.3514 79.6
Outside 17.76 72.6578 76.1
Bryan 14.32 17.4601 77.6
University 15.46 49.8053 76.9
Bryan 15.96 52.2489 78.6
Bryan 7.87 65.8444 78.7
University 17.69 112.8547 77.4
House 13.16 31.2664 72.5
Bryan 14.56 20.9629 78.8
University 17 17.3488 76.4
Bryan 14.83 22.0558 81.3
Outside 14.93 31.6249 82.5
Bryan 10.22 51.1579 76
Outside 14.34 22.8459 80.4
Bryan 11.62 32.6103 78.8
University 14.57 39.9338 74.3
Bryan 7.37 40.868 80.1
Bryan 9.11 10.5244 75.5
House 10.18 35.4452 80.2
Outside 12.37 90.3154 80.2
University 16.05 19.5477 79.8
House 6.25 6.9673 75.5
House 8.36 55.7037 75.4
Bryan 12.56 19.2091 78.5
Stores 16.09 16.6991 75.2
Bryan 17.13 2.6208 79.5
University 9.73 111.9337 73.4
House 13.55 78.8009 76.9
University 16.55 30.9506 74.1
University 15.12 47.2164 80.6
House 8.24 29.4206 81.5
Bryan 6.59 25.6944 78.5
Bryan 15.75 80.6987 74.7
House 9.14 10.0753 77
University 15.49 41.9846 77.3
House 11.47 12.6536 77.9
Bryan 12.95 19.0819 79.5
Bryan 10.48 21.9396 80.7
Bryan 11.25 138.5808 79.1
House 8.2 0.8634 76.7
House 13.45 9.8567 72.7
House 8.88 84.738 77.2
Outside 15.58 17.1631 73.9
House 6.92 23.7494 78
University 13.66 6.0014 80.9
Outside 14.82 50.5878 76.1
Bryan 6.2 11.6567 79.2
Outside 16.35 102.6267 81
House 6.02 18.8679 74.5
House 8.25 14.9451 79
House 17.66 55.7714 82.3
House 8.21 3.0599 76.5
House 7.88 67.4891 77
Bryan 6.52 88.8307 79.5
Stores 12.81 38.0693 83.9
Bryan 6.14 24.1229 75.6
Bryan 7.73 65.3326 78.2
House 11.57 35.2188 77.2
House 10.52 50.5633 79.1
House 8.15 30.0981 76.2
House 7 18.9855 76.2
Bryan 17.35 51.6641 75.4
Stores 13.23 38.3421 76.9
University 13.04 16.9064 82.8
Stores 9.36 148.4275 72.6
Outside 15.31 69.7663 80.5
House 10.9 3.3785 77.8
House 13.3 9.1654 77.9
Bryan 7.02 4.2724 82.9
House 17.53 61.9296 78.4
Stores 17.42 96.6999 78.7
Stores 16.93 21.4959 81.6
Bryan 10.31 59.7802 74.6
Stores 15.26 26.0912 76.2
Bryan 12.13 43.648 81.1
House 6.68 25.8646 76.9
Outside 13.24 35.1783 81.8
Outside 15.96 33.1276 83.1
Stores 13.15 67.1679 75.4
University 16.16 55.5032 81.2
University 17.61 37.1497 73.9
University 16.82 53.6857 76.6
Stores 8.62 74.9273 77.9
House 15.13 20.9652 73.1
House 9.06 10.245 71.6
University 8.2 124.1936 79.5
House 13.02 123.5846 81.2
Stores 9.08 173.818 79.8
House 6.82 42.0093 71.1
University 16.02 81.8638 79.6
House 15.21 9.0843 75.2
House 11.38 4.3269 78.5
Bryan 7.95 31.1434 77.5
House 8.29 25.5432 74.8
House 12.23 196.0154 78.8
Bryan 7.68 26.3472 84.6
Bryan 14.55 47.3604 82.7
Outside 13.85 28.1346 81.9
House 16.56 106.2373 80.8
Bryan 9.2 34.4919 78.9
House 12.64 26.1161 77.5
House 13.23 71.7201 76.8
House 8.05 16.9444 78.8
Stores 13.48 15.4511 79.9
Stores 15.72 24.7493 79.6
House 7.98 38.5492 74.4
Outside 15.02 41.6212 76.4
University 15.28 37.1776 78.7
House 9.66 37.7325 77.5
Stores 11.38 53.6125 86
House 7.6 104.4632 76.1
Bryan 9.57 12.4067 78
Stores 14.49 7.5695 82.8
Bryan 6.71 51.5559 79.1
Stores 10.2 80.3016 79.5
House 8.78 41.0588 77.2
University 16.09 0.8511 82.1
Bryan 6.9 94.6823 75.8
Bryan 8.62 56.8043 74.9
House 16.87 5.7311 74.2
Bryan 7.15 1.8942 77.2
Stores 15.03 66.1034 83.1
House 10.43 68.3582 77.5
House 17.58 12.8516 75.7
Bryan 7.5 27.3149 80.5
House 7.49 15.3629 80.8
Outside 10.2 58.3633 77.2
University 6.84 128.968 75.7
Stores 16.52 24.6948 75.5
House 17.87 13.7407 79.6
University 10.07 137.4435 77.2
House 12.14 19.9453 79.1
House 12.76 22.724 80.1
Bryan 7.51 33.0582 79.1
House 10.55 19.9689 79.3
University 13.4 30.4945 77.4
Outside 16.76 18.4784 79.4
Stores 16.6 57.057 82.9
House 8.75 37.7828 76.4
Stores 7.57 20.2225 82.4
Bryan 11.16 55.8776 76.5
Stores 9.75 30.191 80.3
Outside 15.56 67.0943 79.1
Outside 16.73 34.3243 75.1
House 6.84 5.8444 75.3
Bryan 7.02 21.541 81.8
House 8.14 16.3135 75.3
House 10.66 32.9537 79.3
Stores 14.01 24.8799 77.1
House 7.69 36.9476 74.9
Bryan 14.16 31.7502 80.6
Outside 12.65 40.7256 78.4
House 11.17 19.2163 73.4
Bryan 17.78 32.5187 79.2
Bryan 7.84 6.6495 80.1
Stores 9.92 102.3988 79
House 8.67 2.9002 75.4
Stores 11.16 4.8814 80.2
University 9.88 59.1145 80.9
Stores 8.07 98.5989 80.6
House 9.2 30.8671 77.1
House 11.66 50.525 74.9
House 11.8 42.0266 81.9
Bryan 6.9 34.1973 81.7
Outside 12.34 64.7232 73.3
House 16.34 26.0412 76.7
Bryan 11.51 11.1908 76.5
House 6.35 18.7078 74.2
Outside 12.9 139.1096 79.2
Bryan 10.88 43.6577 79.8
Stores 13.75 119.2907 75.8
House 8.83 8.8029 78.5
University 14.41 148.577 83.9
House 6.48 11.9412 80.2
House 13.65 74.6859 77.4
Bryan 15.55 66.8334 80.3
Outside 15.83 164.3511 74.4
Stores 14.29 39.8707 77.2
Bryan 11.79 132.6885 79.2
Outside 16.93 57.4549 76.1
Bryan 7.58 55.1211 80.2
Stores 16.33 37.0555 75
Bryan 10.87 24.7149 79.7
House 12.04 57.1412 71.2
Bryan 8.02 8.9838 79.7
House 17.86 21.5704 76.3
Outside 14.29 33.9781 74.2
House 6.44 19.9833 76.4
House 8.49 32.9145 77.9
Bryan 7.13 81.3847 79.8
Bryan 16.51 25.1742 81.4
House 7.66 21.7608 82.9
House 6.93 72.0484 75.8
University 15.73 54.7743 72
Outside 11.26 68.7325 73.6
Outside 12.32 134.733 74.5
House 10.39 24.0299 76.9
University 11.85 95.2622 78.6
Stores 16.31 25.0691 78.9
University 14.21 71.3517 74.1
House 7.9 40.1529 74.5
Outside 16.46 85.8413 80.6
Bryan 9.28 52.5202 79.8
Stores 14.8 16.6919 74.3
House 12.8 6.5557 74.8
Bryan 15.2 45.1829 77.1
Bryan 9.01 37.4021 80.3
House 10.03 5.067 77.4
Stores 16.45 18.6351 79.4
House 9.68 9.7403 75.2
House 7.63 2.6479 79.2
House 11.36 23.3263 77.1
Bryan 6.18 76.7338 82.5
University 16.91 13.9109 76.7
House 10.45 11.3677 76.6
Outside 16.82 8.0607 73.9
Bryan 8.29 74.2585 76.5
House 11.25 12.4577 74.9
House 8.43 13.9148 80.6
House 12.73 5.3777 68.8
House 9.17 87.7686 80.6
Outside 6.11 135.1219 79.3
Stores 10.93 30.3075 79.8
House 13.99 101.6891 75.3
House 8.47 74.6844 74.2
Outside 16.05 20.6027 80.1
Bryan 12.99 64.3678 80.3
Outside 9.01 131.1628 75.8
Bryan 7.51 51.8771 79.2
House 13.4 0.3461 80.3
Bryan 16.32 40.0328 83.6
University 9.57 74.26 78.1
House 8.26 39.2975 74.4
House 6.24 17.8248 74.9
Bryan 6.32 111.2479 78.8
Stores 13.81 27.8341 79.8
House 10.83 82.4846 75.4
Stores 12.89 95.2667 75.6
House 8.4 26.4427 76.6
Stores 14.67 26.9322 78.8
Stores 6.36 42.9587 83.7
House 10.9 43.4698 74.8
Outside 12.85 93.413 74
Stores 7.28 40.5921 84.3
Bryan 8.93 45.9987 79.8
Bryan 7.06 35.1738 80.7
Outside 14.23 88.3888 74.7
Outside 14.36 30.3409 76.8
Bryan 9.24 31.9229 80.8
Bryan 14.98 52.7565 79.1
House 9.72 24.6626 80.2
House 13.06 6.6521 73.8
House 13.91 11.1135 79.2
House 14.89 15.5579 83.6
Outside 17.91 8.5143 82.1
Stores 9.23 39.3418 78.1
Bryan 6.69 96.7959 80.4
Outside 16.61 61.6547 77.3
Outside 9.5 94.8594 78.3
Stores 10.3 16.3176 80.9
Outside 17.19 21.9497 69.4
Stores 9.91 44.1555 77
Stores 16.53 34.2414 77.5
Bryan 7.36 9.794 78.8
Outside 13 25.3039 82.5
House 17.25 14.4661 74.7
Bryan 9.52 60.5804 78.2
House 15.56 21.4261 71.5
University 14.88 7.4145 77.3
Bryan 11.59 14.4441 75.9
Outside 17.85 72.8483 75.9
House 17.72 58.8013 74.1
University 9.11 146.0604 79.4
University 11.91 58.3797 76.5
Stores 13.38 84.6166 76.9
University 15.54 63.3827 77.8
Outside 12.93 134.7671 79.6
House 13.97 24.2663 70.1
Outside 15.23 33.3149 74.7
House 13.08 28.3963 76.6
House 13.44 10.3893 72.6
Stores 11.02 35.8096 78.9
House 16.01 8.2309 76.3
House 15.45 14.8379 70
Outside 16.59 76.1534 81.7
House 10.07 41.9475 73
Outside 16.9 48.5496 79.2
Stores 13.7 5.2888 81.1
Bryan 7.37 53.7125 80.6
House 13.92 9.446 77.2
Stores 11.47 40.6321 80.8
Outside 16.41 7.1308 80.3
House 6.07 28.6903 76.4
Outside 10.78 86.8726 73
Stores 10.52 77.595 75.8
Bryan 14.81 29.7404 77.7
Outside 12.05 36.2875 77.8
Stores 10.94 30.0692 78.5
Bryan 13.17 31.7752 77.4
House 13.24 8.9966 79.9
House 9.73 19.005 78.9
University 16.52 16.6522 84.4
Bryan 10.56 36.2966 79.2
Bryan 10.68 1.628 79.3
Bryan 13.23 29.2 77.5
House 13.76 9.5925 76.9
House 6.39 30.6283 77.6
University 15.91 95.7989 82.2
University 14.63 22.9097 81.8
University 17.89 3.8317 75.9
House 13.38 31.7267 74
Outside 11.25 84.5395 79.4
House 6.03 38.0656 80.9
Outside 12.81 15.0678 80.7
House 8.4 46.763 80.6
Bryan 10.89 35.5609 77.5
Outside 11.61 69.1956 78.9
House 15.38 83.8062 77
Bryan 7.95 36.4348 78.1
Bryan 13.59 26.2198 78.3
Bryan 6.77 183.9755 78.7
House 9.41 51.8627 73.6
Stores 17.93 68.3528 75.3
Outside 10.31 113.1909 76.9
House 16.61 56.476 78.8
Outside 13.5 63.2964 73.9
House 8.94 1.62 73.9
Outside 16.61 25.2063 75.7
Bryan 8.71 26.8595 78
Outside 11.7 52.9402 76.7
House 12.71 23.6091 76.7
House 8.04 21.7401 78.8
Outside 15.37 24.7241 74.8
Outside 17.01 57.4733 74.7
Outside 12.97 31.1716 79.7
Bryan 17.09 84.0566 76.6
Outside 17.19 36.8154 79.8
House 6.16 25.1402 79.6
Stores 15 39.737 77.6
Bryan 10.87 10.3962 77.2
Bryan 7.59 19.6908 75.7
Bryan 7.79 55.9759 78.4
House 7.9 2.7439 71.8
House 6.7 50.8219 75.9
House 13.1 18.2197 73.2
House 12.21 7.6393 75.8
Bryan 10.84 14.0533 82.3
House 10.04 47.0385 75.9
University 15.65 33.9535 78.7
House 10.98 2.8958 76.3
House 11.56 7.7739 75.3
Outside 13.8 91.1176 77.3
University 14.45 43.949 83
House 14.71 8.5244 87.2
Bryan 6.15 5.172 75.8
Outside 16.14 178.1691 76.8
House 12.25 22.2757 74.9
House 7.69 18.4022 78.1
Outside 16.8 141.2939 77.1
House 10.17 41.9853 74.5
House 9.96 66.2465 77.8
House 14.21 3.5146 74.6
Bryan 11.82 109.7948 81.7
Stores 10.75 23.6112 80.2
Stores 14.97 34.2462 77.7
University 14.95 21.685 80
University 17 53.1015 76
Bryan 10.3 87.7052 77.2
House 11.67 16.757 78.5
House 11.74 46.4071 75.6
Stores 14.93 58.6541 76.3
House 8.17 20.588 76.4
Bryan 12.5 9.1369 81.1
Bryan 11.76 11.3476 79.8
House 10.5 8.4666 74.5
House 9.19 59.2206 77.7
House 10.69 11.8026 75.1
Outside 17.29 107.2359 89.3
House 14.82 24.7724 75.5
House 15.11 76.0378 82.5
Stores 8.68 67.8813 75.6
House 11.46 31.3658 80.6
House 9.42 34.5522 77.9
House 10.41 11.428 73.3
Stores 15.34 61.1277 81
Stores 16.56 33.5802 76.7
House 8.93 17.4882 76.7
Bryan 7.56 85.6863 77.1
University 15.39 166.1725 76.4
University 16.07 23.9207 74.9
House 12.87 34.6547 75.3
Stores 16.22 19.2219 82.7
Stores 15 41.2909 81.7
House 10.57 41.3096 74.4
University 15.04 121.8593 80.2
House 9.54 49.5076 75.2
University 17.49 10.0126 78
House 9.75 94.6343 81.2
Bryan 6.34 11.6533 80.3
House 9.43 60.6938 75.1
Outside 11.38 98.7569 77.9
University 13.48 8.5613 79.9
Outside 16.05 48.6506 77.7
Stores 9.21 37.3706 78.5
House 16.74 60.189 80.9
Outside 16.6 101.2743 77.3
House 14.53 15.2099 75.5
University 15.6 29.3809 74.3
Outside 17.29 4.3684 78.8
House 13.05 69.2549 78.6
Bryan 11.65 9.5852 81.3
House 7.68 5.6273 77.7
Bryan 15.44 23.4685 78.4
Outside 11.26 79.5227 78.4
Bryan 7.46 36.3687 76.7
Stores 9.43 37.8645 80.2
House 14.49 23.4004 73.9
University 17.86 68.8744 71.9
House 9.63 7.6125 75.5
House 10.81 27.9228 83.8
University 15.43 15.5105 78.5
House 6.18 29.128 76.1
University 13.71 75.2887 74.4
House 13.28 73.6554 75.2
University 11.21 53.2055 76.5
House 11.61 7.1649 75
Bryan 12.46 20.998 76.5
House 6.46 11.2899 87.6
Stores 12.89 25.638 81.2
Stores 15.17 48.1962 77.4
House 11.65 65.1873 76.6
Stores 16.39 73.3478 73.9
House 7.91 14.5107 71.5
House 11.06 31.5656 73.7
House 12.68 89.6793 79.6
Bryan 13.43 60.8739 75.6
Stores 17.79 56.5704 76.6
Stores 17.67 30.1216 75.3
Bryan 9.44 38.0326 77.2
Stores 13.3 79.5454 79.3
Stores 12.03 57.1994 74.9
University 17.52 37.2793 78.6
Outside 15.55 21.4035 76.3
Bryan 9.71 54.901 81.3
House 13.62 11.8156 74
Bryan 11.5 32.4043 79.2
House 17.95 31.8718 76.4
Bryan 10.49 7.494 76.3
Bryan 14.85 65.9303 79
House 9.26 102.0092 80.5
University 15.38 19.2158 76
House 9.1 20.0934 76.6
House 16.33 68.5586 75.1
House 11.8 25.8846 74.7
Outside 16.19 32.4425 77.6
House 10.25 11.2278 76.2
Bryan 10.29 51.3208 75.7
House 7.29 68.6851 77.4
Outside 9.25 179.6324 80.3
House 15.5 26.5142 80.4
Bryan 10.24 86.8831 78.6
House 7.9 31.5972 78.9
Stores 16.47 39.0352 77.7
Bryan 11.31 20.7593 79.6
House 9.04 72.2268 77
House 15.81 9.9959 75.9
House 14.31 12.0439 75.8
House 12.96 23.6568 74.4
House 15.06 83.243 80.2
House 10.27 23.0351 76.3
Stores 13.53 47.4597 82.4
Bryan 16.11 13.9026 74.5
Bryan 10.01 14.3866 79.1
Stores 17.8 87.5678 76.2
University 16.46 32.6246 79.2
Bryan 10.84 3.0685 74.3
House 7.18 12.1993 80.9
Bryan 6.08 74.255 79.1
Bryan 9.09 76.0201 83.1
Outside 13.11 39.5514 79.2
Stores 8.09 51.4283 79.5
Stores 8.57 84.1417 78.8
House 8.88 63.2454 75.2
House 8.93 25.7275 75
House 6.07 15.6615 73.8
Outside 10.82 213.7893 73.3
Stores 14.42 11.8981 81
House 12.33 10.61 74.1
House 14.92 2.0817 74.2
Bryan 8.32 25.519 83.2
House 16.27 21.0977 76.6
House 7.3 29.3764 77.6
Stores 11.83 117.8214 71.4
House 17.88 10.6445 75.3
Stores 6.89 58.1521 80.1
Stores 11.27 42.2309 77.9
House 11.95 8.1869 74.8
Outside 11.89 125.5902 77.3
Bryan 12.03 13.2127 82.8
Bryan 6.01 14.9457 79.1
Outside 14.03 56.7031 73.9
House 9.65 21.8571 80.6
Stores 10.64 21.0577 82.4
Stores 9.08 212.1984 75.2
University 13.05 50.3927 84.4
Stores 17.03 21.41 75.5
Bryan 10.69 20.8487 77.4
Bryan 6.34 16.4911 78.6
University 17.37 80.9055 76.3
Stores 14.55 152.7589 75.7
House 17.71 66.2601 76.7
University 12.15 42.5493 77.6
Outside 17.42 37.1736 78.4
House 7.8 18.2856 71.4
House 14.11 10.0068 71.5
University 17.24 23.305 77.5
Stores 13.72 18.8705 75.9
House 8.77 66.2063 80.4
House 7.82 41.6704 76
House 13.71 112.4961 83.8
Stores 9.27 34.3725 80.5
House 13.03 38.545 76.6
University 13.54 56.177 76.2
Outside 14.19 36.1711 75.2
House 7.36 30.4632 77.5
House 11.13 17.3745 83.8
House 17.71 54.2126 80.5
Outside 16.27 41.1591 82.9
University 15.06 22.241 74.9
Stores 17.49 0.8726 80.1
Outside 13.65 163.6599 80.3
House 6.52 6.0016 75.5
House 7.29 12.3376 74.4
Outside 12.88 25.4665 79.4
University 13.33 84.8321 75.9
House 8.4 20.5948 79
University 14.22 47.495 72.6
House 7.4 16.8478 78.1
Outside 17.1 14.1485 77.7
University 17.42 104.822 78.3
Bryan 6.93 24.3036 86
Outside 15.05 111.1952 75.5
Bryan 7.85 88.4897 78.3
University 11.1 61.3077 77.9
Stores 14.29 55.9377 83.1
Bryan 12.3 14.4301 76.7
Bryan 14.92 88.4687 81.4
University 11.76 45.3099 83
Bryan 6.8 78.9478 76
Outside 10.92 38.6989 81.8
Bryan 8.29 57.3099 76.7
House 15.06 34.3978 73.5
Stores 12.21 41.1655 77.9
Outside 17.81 27.9806 73.5
Bryan 7.7 46.7203 79.1
University 16.7 20.2101 80
Stores 13.59 125.7352 80.4
Stores 6.62 108.3531 79.4
University 12.41 128.3671 74.2
House 14.64 58.4327 82.8
Outside 11.26 70.2703 73.3
Outside 17.82 13.2812 76.2
House 12.22 46.2171 80.2
House 14.46 65.8653 81.3
University 13.97 103.1241 80.3
Stores 15.23 33.4073 79
University 15.88 30.0656 79.8
Outside 17.95 28.8345 68.9
University 17.59 13.1138 83
Stores 15.2 34.0129 83
Stores 17.75 51.7093 73
Bryan 7.61 66.9949 78.5
Bryan 6.72 68.8069 75.7
University 17.64 27.7694 76.8
University 17.44 28.4199 77.8
Bryan 9.63 95.159 78.5
House 11.09 8.1595 76.2
House 7.7 9.4918 78.2
House 13.77 5.1673 75.7
Outside 16.66 43.4297 75.1
House 11.08 19.709 77.8
Stores 15.91 76.331 83.4
House 12.02 20.4816 72.5
House 9.76 4.5761 79.1
Bryan 8.58 25.7705 78
Outside 11.47 58.8106 83
House 13.62 28.1778 76.7
Outside 14.33 1.2876 82.6
University 17.16 47.3457 76.8
University 14 41.7931 77.3
House 14.66 8.9239 78
Stores 15.65 34.5634 78.6
Bryan 10.5 91.2996 80.3
House 11.5 20.0899 75.6
Outside 14.91 28.4667 78.6
Stores 14.21 14.5069 80.6
House 7.53 1.9533 77.1
University 13.83 42.0194 84.3
Bryan 17.87 85.4362 79.3
University 10.12 83.117 81.6
University 15.44 26.5937 79
Bryan 8.89 39.4122 78.3
University 15.78 53.0961 80.1
University 12.56 40.2168 78.6
Stores 12.43 116.3627 79.1
House 9.41 40.3886 77
University 16.26 21.3457 77.5
House 8.3 30.3607 77.1
University 13.55 11.7514 79.5
Outside 15.47 53.0597 83.6
Outside 14.23 20.1196 79.8
Bryan 6.74 21.4353 79.7
Bryan 11.56 19.8095 77.1
Outside 16.91 5.1995 75.3
House 7.59 18.9567 80
House 13.96 12.7646 75.9
Stores 16.87 77.297 78.8
House 10.82 33.9013 75.5
University 16.22 17.2132 79.6
House 10.72 20.4706 74.5
Outside 14.43 37.6743 79.6
Outside 15.08 5.6089 76.4
House 8.52 47.8278 79.6
University 14.1 26.8135 80.5
House 9.54 13.3096 78.5
Bryan 7.8 17.1279 83.9
University 15.23 53.8148 75.9
House 10.05 237.3295 78.5
Stores 17.42 61.7609 77.4
Bryan 6.29 74.6292 80.6
Outside 13.51 22.0814 78.7
Bryan 9.07 83.7343 80
Outside 9.78 74.8083 77.4
Stores 17.19 55.7052 81.3
House 10.14 10.0392 79.5
House 11.17 113.966 79.1
Bryan 7.97 9.9543 78
Outside 9.71 94.8037 76.8
House 9.11 27.1412 76.5
University 12.33 41.745 75.9
House 8.03 55.8083 72.6
House 12.55 45.6097 74.7
Bryan 10.05 17.1768 83.3
Stores 13.85 18.8784 79.9
Stores 11.48 67.8163 80
Stores 13.78 20.0797 75.5
Stores 16.85 97.6153 71.9
Bryan 17.91 22.061 75.4
House 8.82 8.8962 78.3
House 15.04 6.6238 76
House 6.94 18.8167 79.9
House 6.81 17.6219 77
House 17.75 28.0931 80.5
House 8.81 4.7735 79.1
House 13.91 29.9566 78.4
Stores 11.7 99.7036 83.5
House 13.64 55.4324 83.1
House 10.76 8.4046 76.6
Stores 11.25 33.9974 79.9
Bryan 6.72 59.8601 82
University 17.74 55.7064 77.3
University 16.18 14.6929 78.4
Bryan 6.52 46.587 78.5
House 8.36 48.119 75.3
House 12.93 9.059 76.3
Bryan 10.09 17.3716 75.4
House 9.92 22.2276 76.9
House 6.37 186.2936 83.5
Bryan 14.53 43.1853 77.5
Stores 13.91 37.655 78.8
House 12.65 28.8236 76.6
House 7.84 47.0332 76.3
House 8.64 50.9881 75.8
Outside 15.23 15.6764 78.4
Bryan 10.94 45.3529 77.7
University 14.6 30.0079 76.7
Outside 15.46 5.4924 79
Outside 17.68 21.6593 83.4
House 14.48 123.6577 82.4
Bryan 9.25 9.5708 78.6
House 10.49 23.7111 78.6
House 8.43 7.5547 74.4
House 7.81 6.7755 76.9
House 7.93 7.6263 86.8
House 16.81 93.4675 78.5
House 8.43 25.4886 74.4
Stores 16.06 32.318 79.6
Stores 16.69 32.3317 77.8
House 7.45 33.6877 78.9
Outside 8.69 86.9664 80.5
House 9.92 24.9852 75.3
House 13.69 8.4045 74.4
House 15.59 28.903 77.9
Bryan 17.33 14.624 80.9
House 8.26 39.8044 80.9
University 11.86 198.0226 76.1
Outside 14.9 31.9455 79.3
House 8.5 24.5747 78
Stores 7.08 87.8357 78.8
House 15.29 57.1669 77.5
University 15.44 90.2484 77.7
University 17.39 66.7858 79.6
Stores 11.62 11.3198 80.8
House 11.61 23.8113 76.8
Bryan 8.59 35.6536 79.4
Stores 15.2 124.3404 73.8
Bryan 16.64 26.2977 77.4
Outside 14.81 81.0748 75.8
House 10.04 39.4499 81.1
House 8.5 14.0684 78.7
House 6.52 52.4871 74.5
Bryan 12.71 87.8488 77.1
University 16.78 54.2272 73.4
Stores 15.97 28.0333 79.6
Bryan 15.91 10.2125 80.9
Outside 8.45 98.4379 79.1
Bryan 6.67 97.7988 76
Outside 16.53 116.5112 83.5
Outside 10.61 59.9673 77.6
House 6.24 19.2189 74.9
Stores 10.87 11.0199 80.6
Stores 8.64 40.6852 85
House 13.04 28.02 77.2
Bryan 9.96 50.9993 76.7
Bryan 11.12 76.228 82.4
Outside 16.44 23.1349 78.8
University 12.58 47.6699 73.2
Stores 17.69 62.0507 78.4
University 16.3 77.56 70.8
Outside 11.24 73.66 76
Bryan 7.59 42.7187 81.6
House 15.33 89.8509 78
University 15.47 22.3675 78.6
Bryan 16 47.7816 78.2
Bryan 8.43 56.4718 79.9
Outside 14.49 58.4959 77.1
Bryan 16.8 8.8046 76.2
University 14.7 5.793 79.8
House 7.46 40.6678 75.3
House 7.88 5.1083 77.4
Outside 13.31 29.7601 80.1
Bryan 6.15 37.2411 77.3
House 6.13 19.7883 77
Bryan 9.79 24.7521 85.1
Bryan 7.65 74.6568 73.7
House 13.98 2.7816 75.9
University 16.43 50.4968 80.1
Bryan 9.88 56.0609 82.3
House 9.25 1.4111 74.7
Bryan 11.39 140.3702 77.3
House 16.65 9.3761 69.9
University 15.21 8.4053 80.2
House 10.24 61.2306 74.3
Stores 15.04 75.1948 84.9
University 16.8 6.1578 80.3
House 12.67 62.3423 79.1
Bryan 12.69 23.3426 75.9
Bryan 17.29 10.0097 80.5
House 11.94 18.2514 72.5
House 7.68 76.0492 74.6
Bryan 6.02 39.2848 78.8
Stores 14.55 30.8046 79.5
House 10.65 4.8801 76.1
University 16.01 41.5181 77.3
Stores 16.92 26.3917 78.1
Bryan 7.29 45.0238 73.9
House 17.07 21.561 81.7
House 16.45 22.6401 83
Outside 14.18 20.1754 82.9
University 10.56 48.5981 84.7
Outside 15.2 40.5124 79.1
Bryan 10.65 116.8299 80.4
Bryan 6.04 53.7055 78.2
Outside 13.2 17.3763 77.1
Bryan 11.74 25.1895 79
House 10.37 8.0046 73.1
University 17.72 26.8238 76.1
House 11.86 32.4255 77.8
Outside 16.08 70.2241 76.7
Bryan 10.59 3.872 77
Stores 12.29 29.1667 79.9
Outside 14.97 28.0259 79.8
Bryan 6.56 19.1465 82.4
Bryan 11.86 20.8055 77.2
Bryan 7.87 15.0687 77.8
Outside 15.76 53.5611 75.1
Stores 15.82 19.6033 79
University 15.02 7.6718 80
University 16.3 82.4822 78.7
House 17.43 47.2579 78.2
House 9.47 86.3244 73.9
House 13.36 30.5456 79.9
Bryan 16.89 17.614 79.7
University 14.93 70.9718 77.1
University 14.4 6.0996 83.5
Outside 12.86 57.1425 72.4
House 8.35 62.7329 81.5
Stores 11.62 92.385 80.6
University 16.73 52.9512 79.1
University 14.27 56.0458 78.3
Bryan 6.7 6.7439 77.7
House 13.65 18.6023 75
House 15.5 52.7725 81.1
House 12.18 49.4336 75.4
Outside 10.45 125.8978 72.7
Outside 14.02 7.7716 81.2
Bryan 13.64 13.229 76.3
House 11.47 5.0182 81.6
House 16.03 8.048 70.7
University 14.41 41.738 79
University 17.56 1.3747 80.8
Outside 15.25 11.5523 80
House 7.13 7.9323 81.5
University 17.69 33.7564 73.8
Stores 9.1 25.1165 82.5
Bryan 13.26 14.8938 81.2
University 17.76 33.8335 74.5
Outside 17.81 10.3754 69.5
House 7.58 12.7833 78.9
Bryan 13.39 8.7557 77.5
University 15.17 92.5298 77.7
Outside 15.76 122.8483 77.3
Bryan 10.63 26.2616 78.7
Bryan 11.44 39.7611 75.8
Stores 15.03 67.4615 73.6
House 8.53 26.5818 76.7
House 7.98 49.0643 74.8
House 10.78 10.3737 75.5
House 12.21 25.7294 69.7
Outside 14.34 50.8395 72.9
Outside 14.28 54.2037 78.5
House 10.12 5.265 77.2
Bryan 8.99 31.2751 81.5
Bryan 17.07 95.7631 75.1
House 12.42 28.7213 73.8
House 7.32 16.8849 82.5
University 12.38 52.9059 76
Outside 12.97 49.7419 76.7
Bryan 10.78 46.1427 79.9
Outside 15.45 33.6243 81.6
House 11.98 5.2755 76.9
House 12.36 29.9397 79
House 7.85 19.15 72.3
House 13.19 14.7792 76.9
Outside 16.32 0.31 80.8
Stores 7.06 15.9401 83.7
University 15.32 37.4926 70
Bryan 7.35 70.8127 76.3
Outside 15.18 14.0853 74.5
University 15.64 7.3642 80.6
Stores 8.16 39.714 81.7
House 11.34 13.2474 76.1
Bryan 11.15 39.7838 78.3
Outside 17.57 30.7553 78.3
University 14.29 117.9218 75.1
Bryan 6.74 36.5377 79.5
Outside 16.88 35.7381 80.4
Bryan 11.44 8.0392 81.1
House 13.34 37.566 73.6
University 15.82 13.5214 79
House 8.41 25.1194 74.8
Bryan 10.95 43.605 77.1
Stores 15.58 87.7077 72.9
House 6.18 51.1113 75.2
House 12.52 27.4623 74.5
Bryan 11.03 9.9896 78.6
House 6.46 13.5119 77
Outside 15.31 224.0642 71.9
Bryan 11.61 28.5424 80
Outside 13.78 177.8559 78
Outside 15.09 28.8058 76.5
Bryan 9.76 100.2151 75.8
Bryan 12.3 22.4424 78.2
Stores 7.12 49.2081 80.7
University 15.37 46.8876 81.9
House 11.99 8.617 76.2
House 6.94 80.6961 70.2
Outside 17.13 34.682 76.1
Stores 6.48 40.186 78.1
House 7.32 5.1934 74.7
House 7.39 50.464 74
University 14.4 39.1747 76.9
House 6.23 28.4124 81.5
House 13.04 1.9909 78.6
House 6.69 21.5672 78.9
Stores 9.4 67.1126 77.3
House 10.93 37.0626 75.2
Stores 10.44 33.4563 80.2
House 7.2 11.5342 79.1
Outside 14.16 84.3441 85
House 6.57 47.8908 73
House 10.16 104.7695 79.6
Bryan 10.94 88.4462 80.2
Bryan 12.32 106.2684 84
University 16.36 33.7237 71.8
Outside 14.85 14.1909 80.2
Outside 11.87 57.5523 73
Outside 15.06 76.4196 74.3
House 14.06 8.5239 80.5
Stores 14.65 11.3161 78.6
Bryan 14.61 78.8499 74.8
Bryan 16.62 42.9247 79
Bryan 7.51 15.3817 77
Bryan 7.85 14.4094 76.7
Stores 13.1 27.5452 80.9
Stores 14.7 66.8424 76.9
House 10.89 13.7088 78.2
Stores 14.27 43.6962 80.2
University 16.21 26.1986 75.5
House 8.02 76.9 72.7
Bryan 10.34 16.9436 80.7
Bryan 7.06 29.7262 80
House 11.2 42.8092 78.7
Stores 16.58 78.5608 75.7
House 8.91 122.4959 75.3
Bryan 12.35 7.2466 81.8
Stores 11.3 59.7783 78.3
Bryan 6.82 66.762 79.7
House 17.03 39.1699 75.3
Bryan 15.89 37.1636 75.3
Outside 12.34 73.5811 76.5
House 10.85 10.9488 77.9
University 10.1 84.2015 76.7
Outside 17.3 40.6254 83.9
House 12.12 6.0734 77.9
Bryan 8.49 31.0675 75.5
House 8.51 67.8636 85.5
University 12.04 56.0335 77.7
University 14.23 16.1269 83.2
Bryan 10.65 30.1007 75.4
House 6.1 17.2483 74
Outside 16.8 18.5519 79.2
University 15.96 31.6653 74.2
Bryan 17.12 9.0347 80.9
House 7.42 35.7505 78.8
House 7.87 5.8591 82.4
Bryan 15.72 67.44 80.4
Stores 11.09 68.4252 83.4
House 6.31 30.514 81.3
Bryan 8.39 22.807 80.4
House 17.79 47.0247 77.4
House 9.77 78.674 83.9
Stores 15.03 62.0146 82.3
Bryan 10.39 25.1293 81.4
Bryan 12.46 6.3145 79.6
Outside 13.04 50.743 77.4
House 8.2 3.4965 77.1
House 10.8 138.9967 74.1
House 8.54 22.1449 77.3
University 16.96 47.3979 76.8
House 9.63 31.0438 77
House 6.85 39.4943 77.5
House 6.4 12.2052 75.8
House 8.93 20.7422 72.7
House 7.46 16.0233 74.1
House 11.98 27.3371 76.3
Bryan 10.19 2.8406 80
Bryan 10.56 28.0952 77.9
University 17.69 27.3109 84.7
House 17.05 14.8802 78.5
Bryan 7.9 6.8226 80
University 13.59 106.2324 82.2
Stores 13.83 19.89 80.7
Outside 14.33 56.1192 77
House 11.94 12.5536 72.5
Bryan 6.82 37.719 79.8
Stores 17.74 26.1973 82.8
House 12.81 43.2092 82.3
Bryan 10.84 328.2538 75.6
House 6.01 31.7032 74.1
House 8.39 6.1725 74.2
House 10.48 30.389 75.2
House 17.94 17.8661 78.7
Outside 15.21 100.9602 76.1
University 14.2 42.5253 79.8
House 9.52 7.1351 75
House 11.27 21.2703 73.2
Bryan 11.89 8.4433 78.5
Outside 14.45 358.8652 82.8
House 13.99 9.9199 79
House 11.82 64.3309 79.9
Outside 17.61 32.9102 75.3
Outside 14.58 64.6972 74.6
Stores 10.1 34.374 77.4
House 7.66 18.5275 77.7
Bryan 16.93 3.908 78.2
Bryan 10.7 46.494 78.7
Stores 10.44 17.5459 78.4
Bryan 8.55 87.5147 76.5
Bryan 6.23 10.2577 81.6
House 11.43 17.5395 77.8
Bryan 10.02 71.9312 79.4
House 10.15 1.1058 79.5
House 7.92 60.8079 70.8
Stores 12.81 125.2576 76.6
University 14.21 70.0904 78.6
House 14.42 76.4066 76.9
Bryan 15.34 23.4596 83.7
Bryan 8.35 122.3379 77
House 6.63 73.2851 74.6
Outside 16.63 81.1995 74.2
House 17.58 17.7059 81.5
Bryan 13.17 87.6262 78.4
University 16.94 11.3072 78.6
Outside 17.96 35.163 77.4
House 17.92 55.0069 79
University 14.06 46.4227 76.4
House 15.59 11.3386 80
House 8.96 10.9419 78.5
Outside 13.27 61.7513 72.8
House 6.17 28.8422 78.6
Bryan 12.15 1.8576 79.4
Outside 16.63 50.2505 78.9
Stores 10.95 44.1933 77.6
Outside 9.14 107.981 76.1
Bryan 17.54 19.1345 78.4
Outside 15.45 5.3153 76.8
House 6.38 24.3075 73.6
House 7.78 21.8753 69.7
University 16.55 21.9251 81.1
Outside 15.22 15.0238 82.1
Stores 15.18 21.5616 80.3
House 12.64 10.2235 75
Stores 9.18 57.7437 80.6
Bryan 7.16 21.3298 75.7
Stores 16.42 13.2071 76.3
University 16.32 31.441 79.3
House 9.39 4.0694 77.3
Bryan 13.94 29.0124 79.2
Bryan 6.72 44.6219 80.8
House 7.75 27.8703 75.5
Bryan 10.12 19.2924 76.6
House 8.87 20.4934 78.7
Bryan 8.5 63.6782 83.7
Stores 14.97 12.5466 79.6
House 6.79 20.3221 74.6
University 17.53 41.2461 76.7
Outside 17.02 30.0288 81.9
Stores 6.07 63.084 83.5
House 11.44 20.0364 77.2
House 8.9 32.8844 74.7
University 9.51 96.4089 76.2
House 8.04 21.2533 77
Bryan 6.41 161.6882 74.9
University 16.31 12.4202 78
Bryan 11.89 12.1391 78.6
House 14.63 6.0022 73.6
House 14.05 23.7065 74.7
Bryan 10.2 60.9294 78.4
House 16.08 64.1533 74.7
Bryan 9.27 65.2864 79.7
House 9.14 51.49 76.2
University 15.55 87.4479 76.1
House 7.83 2.2407 75.2
House 8.16 6.731 81.4
House 10.34 65.7628 81
House 8.94 66.5929 78
House 12.76 44.4283 79.6
Outside 17.54 78.7027 78.1
Bryan 8.55 56.2619 77.9
House 17.9 93.7577 73.9
Outside 11.33 58.9225 78.6
Bryan 9.07 18.089 80.2
House 8.12 25.7698 73.5
Outside 16.28 9.5998 73
Stores 11.77 55.2263 78.4
University 13.35 31.6232 75.6
House 9.26 9.6645 78
House 11.94 37.8606 79.3
House 10.48 16.2138 74.6
House 10.13 102.9121 78.3
House 9.41 17.3815 77.5
House 10.73 34.4487 76.2
Outside 13.27 72.7604 83.9
Stores 13.25 14.3895 78.1
Bryan 6.21 18.1628 81.9
Bryan 10.81 1.857 79.9
House 8.99 80.9775 74
Bryan 9.35 56.3021 77.6
Outside 11.29 64.0093 73.5
Stores 16.36 73.0771 79
University 11.99 22.2089 82.1
Bryan 6.81 53.0182 77.7
Bryan 6.55 58.9744 77.9
Outside 15.02 41.0744 81.2
Bryan 7.02 18.3033 78.2
House 17.97 43.547 76.3
Bryan 9.92 74.4825 80.6
House 16.98 211.7106 81
Bryan 7.11 2.7065 83.8
House 7.33 39.0473 82.6
House 13 17.6731 77.3
Stores 14.44 51.4825 77.3
Outside 15.02 67.4765 83.2
Outside 13.38 34.5848 73.2
Outside 10.75 96.6061 74.2
Bryan 10.25 40.1954 82.5
Outside 14.17 108.9948 79.3
House 7.6 150.9926 79.8
House 7.93 3.6075 80.6
Bryan 6.13 42.4698 78.9
House 11.74 17.0536 74
Bryan 6.11 15.4998 78.4
University 17.35 39.2397 83.5
Stores 9.28 28.4235 80.2
Bryan 11.63 10.8151 77
House 13.58 9.1492 79.8
Outside 9.75 109.1436 75.4
House 14.32 43.5334 78.2
Bryan 16.35 53.2022 78.6
University 16.52 45.4037 77.7
Bryan 13.13 31.2832 80.6
Outside 16.55 9.1319 73.6
Stores 13.35 57.6592 80
Bryan 11.57 70.56 80.2
Bryan 14.64 47.2198 83.5
House 11.11 5.4405 79.9
Outside 13.82 13.9613 78.7
House 7.93 84.8667 74.3
House 7.24 0.8579 76.3
Bryan 6.48 76.9294 79.7
House 9.48 41.7581 78.1
Outside 15.86 27.3681 75.8
Bryan 8.44 44.5117 80.7
Outside 17.8 32.6813 76.5
Stores 16.43 2.9972 81.6
House 8.28 17.1529 78.1
Bryan 16.72 3.2761 83.7
House 15.88 13.1683 75.6
House 10.03 85.0049 78.9
Stores 14.19 16.163 76.1
Bryan 6.78 10.7618 78.3
Outside 15.68 107.7848 76.8
University 12.66 187.4931 76.4
Bryan 11.28 60.6569 78.3
Outside 17.92 42.1216 66.4
Bryan 11.21 12.5606 82
University 15.67 9.547 81.4
Stores 11.03 79.071 76
Stores 13.58 13.7636 78.5
House 15.59 14.5466 79.2
University 16.02 13.815 83.8
House 17.03 51.2385 70.9
Bryan 7.21 80.1023 76.1
Stores 14.38 9.0328 78.1
House 12.19 43.8073 72.3
Bryan 16.39 86.1235 76
University 17.39 5.3991 71.4
Bryan 7.62 42.696 77.3
Outside 11.7 69.852 84
Outside 14.27 7.4914 76.3
House 15.93 46.4457 75.7
House 11.74 30.9141 78.5
House 6.69 56.4323 74.5
Bryan 7.04 9.4587 81
House 7.15 61.5145 78.1
Bryan 9.9 10.1889 77.4
Outside 15.16 53.6857 77.5
Stores 13.88 62.6402 74.5
Outside 17.68 119.8032 78.1
Bryan 8.96 32.516 78
Bryan 10.01 87.4414 77.9
Bryan 6.42 2.7723 80.1
House 15.08 3.544 78.3
Stores 17.79 4.3289 79.1
Stores 16.93 43.9311 75.5
University 8.61 98.9418 77.1
Bryan 10.02 14.7029 78.1
House 8.85 78.9443 86.9
Outside 16.08 58.188 75.2
House 11.38 26.3833 75.7
House 7.48 10.8523 78.7
University 17.09 12.2822 71
House 7.93 3.6811 74.7
Bryan 16.63 80.5604 78.7
Bryan 17.98 9.0308 79.5
Outside 10.42 48.5132 80.5
University 13.86 58.0258 88.8
Bryan 12.79 117.4274 74.8
Stores 11.66 56.634 81.1
Stores 16.15 9.6333 81.3
Bryan 8.45 69.9157 77.4
Bryan 7.05 84.3003 79.4
Bryan 13.82 4.3852 81.4
House 7.85 3.4353 79.1
House 17.34 13.7414 72.6
House 10.37 16.4835 73.9
Bryan 8.31 29.6264 77.7
Outside 12.37 70.72 73.2
House 10.64 23.8025 76.5
House 14.2 124.836 80.9
Stores 9.02 85.7285 78.5
House 12.51 22.1187 80
Outside 15.68 52.8196 80.4
Stores 7.52 142.0299 81
University 15.81 17.1295 73.3
Outside 13.47 71.1459 80.2
House 7.65 46.6393 78.1
Bryan 10.96 97.1871 76
University 11.82 49.5885 78.2
Outside 12.14 113.8557 74.2
House 8.35 4.5015 74.1
House 10.72 5.7948 75.2
Bryan 13.01 9.606 81.4
Bryan 14.11 113.4844 82.1
Outside 10.66 86.6087 74.2
House 14.54 2.4404 75.7
House 10.5 16.718 72.8
University 14.95 27.7833 79.4
House 11.97 48.4824 81.2
Bryan 16.79 22.0418 80.2
Stores 12.28 33.8796 78.2
University 14.37 53.9794 81.5
Bryan 16.5 9.3905 80.7
House 6.38 51.9818 77
University 13.77 46.5456 76.5
House 7.08 10.0384 78.5
House 6.89 24.3648 75.8
Stores 14.77 86.8473 77.1
Bryan 15.72 53.32 78.5
House 8.54 5.5919 75.4
Bryan 11.51 34.8655 81.3
Stores 17.59 80.7458 74.8
House 10.96 40.5283 79.2
House 10.42 12.7052 73.1
Outside 13.97 21.055 75.3
House 12.87 65.5746 83.7
House 11.58 30.0743 81.2
Outside 7.94 103.8233 78.3
House 7.53 7.0235 79.8
House 11.39 9.9107 80.4
Bryan 8.12 26.2656 78.8
Outside 6.85 120.1134 78.3
Stores 15.16 32.8832 76.8
Bryan 8.76 15.9684 81.6
House 6.77 43.1324 73.3
House 9.14 8.4631 76.9
Bryan 16.9 47.9796 77.9
House 7.06 14.2605 78.4
Outside 13.11 54.3101 76.4
House 13.12 10.5914 73.6
University 17.91 109.9337 79.8
Stores 13.76 124.7272 77.6
University 14.79 15.1699 78.7
Outside 15.58 93.1139 74.2
Stores 10.6 3.7038 80.9
Outside 13.4 65.0459 76.8
Bryan 11.48 29.6753 78.4
House 9.33 83.7602 75.7
Outside 17.92 22.1394 82.2
Bryan 10.03 33.129 77.4
Bryan 12.45 169.7391 77.8
House 15.11 15.8368 76
